# GRID
# x y z
# 0.0 0.98 50 0.0 0.98 50 0.0 0.0 1
# x y z Bx By Bz
0 0 0 0.713662 2.39858 -0.719573
0 0.02 0 0.867515 2.534 -0.791875
0 0.04 0 1.01834 2.67117 -0.871033
0 0.06 0 1.20915 2.8082 -0.957342
0 0.08 0 1.39642 2.94565 -1.05202
0 0.1 0 1.62991 3.07717 -1.15394
0 0.12 0 1.85866 3.20691 -1.26588
0 0.14 0 2.13991 3.32244 -1.38435
0 0.16 0 2.41405 3.43293 -1.51453
0 0.18 0 2.7465 3.51795 -1.64904
0 0.2 0 3.06768 3.59351 -1.79675
0 0.22 0 3.45177 3.62894 -1.94407
0 0.24 0 3.81802 3.64942 -2.10544
0 0.26 0 4.20314 3.63526 -2.27204
0 0.28 0 4.60458 3.58039 -2.44118
0 0.3 0 5.019 3.47858 -2.60894
0 0.32 0 5.44228 3.3238 -2.76984
0 0.34 0 5.81231 3.14858 -2.9518
0 0.36 0 6.23545 2.87663 -3.08211
0 0.38 0 6.58902 2.5836 -3.2295
0 0.4 0 6.92433 2.23137 -3.34705
0 0.42 0 7.16967 1.86389 -3.49479
0 0.44 0 7.38218 1.44244 -3.60609
0 0.46 0 7.5576 0.977604 -3.66601
0 0.48 0 7.69243 0.488351 -3.66263
0 0.5 0 7.71477 0 -3.69443
0 0.52 0 7.69243 -0.48835 -3.66263
0 0.54 0 7.5576 -0.977602 -3.66601
0 0.56 0 7.38218 -1.44244 -3.60609
0 0.58 0 7.16967 -1.86389 -3.4948
0 0.6 0 6.92433 -2.23137 -3.34705
0 0.62 0 6.58902 -2.5836 -3.2295
0 0.64 0 6.23545 -2.87663 -3.08211
0 0.66 0 5.81231 -3.14858 -2.9518
0 0.68 0 5.44228 -3.3238 -2.76984
0 0.7 0 5.019 -3.47858 -2.60894
0 0.72 0 4.60458 -3.58039 -2.44118
0 0.74 0 4.20314 -3.63526 -2.27204
0 0.76 0 3.81802 -3.64942 -2.10544
0 0.78 0 3.45177 -3.62894 -1.94407
0 0.8 0 3.06769 -3.59351 -1.79675
0 0.82 0 2.7465 -3.51795 -1.64904
0 0.84 0 2.41405 -3.43293 -1.51453
0 0.86 0 2.13992 -3.32244 -1.38435
0 0.88 0 1.85866 -3.20691 -1.26588
0 0.9 0 1.62991 -3.07717 -1.15394
0 0.92 0 1.39642 -2.94565 -1.05202
0 0.94 0 1.20915 -2.8082 -0.957342
0 0.96 0 1.01834 -2.67117 -0.871033
0 0.98 0 0.867515 -2.534 -0.791875
0.02 0 0 0.662087 2.53443 -0.760328
0.02 0.02 0 0.798991 2.68668 -0.839587
0.02 0.04 0 0.975116 2.84343 -0.927205
0.02 0.06 0 1.14879 3.00223 -1.02349
0.02 0.08 0 1.36862 3.16085 -1.12888
0.02 0.1 0 1.58551 3.31969 -1.24489
0.02 0.12 0 1.85592 3.47125 -1.37023
0.02 0.14 0 2.15516 3.61372 -1.50571
0.02 0.16 0 2.44886 3.75123 -1.65495
0.02 0.18 0 2.8069 3.86453 -1.8115
0.02 0.2 0 3.15537 3.96757 -1.98379
0.02 0.22 0 3.57393 4.03031 -2.1591
0.02 0.24 0 3.97609 4.07592 -2.35149
0.02 0.26 0 4.45175 4.06104 -2.53815
0.02 0.28 0 4.9005 4.02108 -2.74164
0.02 0.3 0 5.36594 3.9288 -2.9466
0.02 0.32 0 5.84337 3.77673 -3.14727
0.02 0.34 0 6.32708 3.55801 -3.33563
0.02 0.36 0 6.74469 3.30965 -3.54605
0.02 0.38 0 7.21764 2.94738 -3.68422
0.02 0.4 0 7.60427 2.55731 -3.83597
0.02 0.42 0 7.89006 2.14302 -4.01817
0.02 0.44 0 8.1374 1.66371 -4.15927
0.02 0.46 0 8.34093 1.13106 -4.24149
0.02 0.48 0 8.4962 0.566687 -4.25015
0.02 0.5 0 8.52286 0 -4.28811
0.02 0.52 0 8.4962 -0.566686 -4.25015
0.02 0.54 0 8.34093 -1.13106 -4.24149
0.02 0.56 0 8.1374 -1.66371 -4.15927
0.02 0.58 0 7.89006 -2.14302 -4.01817
0.02 0.6 0 7.60427 -2.55731 -3.83597
0.02 0.62 0 7.21764 -2.94738 -3.68422
0.02 0.64 0 6.74469 -3.30965 -3.54605
0.02 0.66 0 6.32708 -3.55801 -3.33563
0.02 0.68 0 5.84337 -3.77673 -3.14727
0.02 0.7 0 5.36594 -3.9288 -2.9466
0.02 0.72 0 4.9005 -4.02108 -2.74164
0.02 0.74 0 4.45175 -4.06104 -2.53815
0.02 0.76 0 3.97609 -4.07592 -2.35149
0.02 0.78 0 3.57393 -4.03031 -2.1591
0.02 0.8 0 3.15537 -3.96757 -1.98379
0.02 0.82 0 2.8069 -3.86453 -1.8115
0.02 0.84 0 2.44886 -3.75123 -1.65495
0.02 0.86 0 2.15516 -3.61372 -1.50572
0.02 0.88 0 1.85592 -3.47125 -1.37023
0.02 0.9 0 1.58551 -3.31969 -1.24489
0.02 0.92 0 1.36862 -3.16086 -1.12888
0.02 0.94 0 1.14879 -3.00223 -1.02349
0.02 0.96 0 0.975117 -2.84343 -0.927205
0.02 0.98 0 0.798992 -2.68668 -0.839587
0.04 0 0 0.581614 2.67163 -0.801488
0.04 0.02 0 0.719157 2.84291 -0.888408
0.04 0.04 0 0.898085 3.02165 -0.985319
0.04 0.06 0 1.07535 3.20361 -1.09214
0.04 0.08 0 1.30189 3.38859 -1.21021
0.04 0.1 0 1.5566 3.57295 -1.33986
0.04 0.12 0 1.80928 3.75715 -1.48308
0.04 0.14 0 2.12428 3.93223 -1.63843
0.04 0.16 0 2.47359 4.09564 -1.8069
0.04 0.18 0 2.85878 4.242 -1.98844
0.04 0.2 0 3.28091 4.36496 -2.18248
0.04 0.22 0 3.69271 4.47297 -2.39623
0.04 0.24 0 4.18563 4.52993 -2.61342
0.04 0.26 0 4.65918 4.56243 -2.85152
0.04 0.28 0 5.21657 4.51881 -3.08101
0.04 0.3 0 5.74063 4.44001 -3.33001
0.04 0.32 0 6.28077 4.2936 -3.578
0.04 0.34 0 6.83035 4.07081 -3.81638
0.04 0.36 0 7.38152 3.76443 -4.03332
0.04 0.38 0 7.84956 3.41666 -4.27082
0.04 0.4 0 8.29485 2.98407 -4.47611
0.04 0.42 0 8.70832 2.46959 -4.63048
0.04 0.44 0 8.99792 1.92306 -4.80765
0.04 0.46 0 9.23549 1.31121 -4.91704
0.04 0.48 0 9.4154 0.658758 -4.94068
0.04 0.5 0 9.44741 0 -4.98599
0.04 0.52 0 9.4154 -0.658757 -4.94068
0.04 0.54 0 9.23549 -1.31121 -4.91704
0.04 0.56 0 8.99792 -1.92306 -4.80765
0.04 0.58 0 8.70832 -2.46959 -4.63048
0.04 0.6 0 8.29485 -2.98407 -4.47611
0.04 0.62 0 7.84956 -3.41666 -4.27082
0.04 0.64 0 7.38152 -3.76443 -4.03332
0.04 0.66 0 6.83035 -4.07081 -3.81638
0.04 0.68 0 6.28077 -4.2936 -3.578
0.04 0.7 0 5.74063 -4.44001 -3.33001
0.04 0.72 0 5.21657 -4.51881 -3.08101
0.04 0.74 0 4.65918 -4.56243 -2.85152
0.04 0.76 0 4.18563 -4.52993 -2.61342
0.04 0.78 0 3.69271 -4.47297 -2.39623
0.04 0.8 0 3.28091 -4.36496 -2.18248
0.04 0.82 0 2.85878 -4.242 -1.98844
0.04 0.84 0 2.47359 -4.09564 -1.8069
0.04 0.86 0 2.12428 -3.93223 -1.63843
0.04 0.88 0 1.80928 -3.75715 -1.48308
0.04 0.9 0 1.5566 -3.57295 -1.33986
0.04 0.92 0 1.30189 -3.38859 -1.21021
0.04 0.94 0 1.07535 -3.20361 -1.09214
0.04 0.96 0 0.898085 -3.02165 -0.985319
0.04 0.98 0 0.719157 -2.84291 -0.888408
0.06 0 0 0.489871 2.81016 -0.843047
0.06 0.02 0 0.626914 3.00186 -0.938082
0.06 0.04 0 0.807494 3.20443 -1.04492
0.06 0.06 0 0.987224 3.41168 -1.16307
0.06 0.08 0 1.21943 3.6257 -1.29489
0.06 0.1 0 1.4826 3.84183 -1.44069
0.06 0.12 0 1.77954 4.05698 -1.60144
0.06 0.14 0 2.11298 4.26725 -1.77802
0.06 0.16 0 2.44502 4.47393 -1.97379
0.06 0.18 0 2.85532 4.66134 -2.185
0.06 0.2 0 3.30837 4.82648 -2.41324
0.06 0.22 0 3.80519 4.96115 -2.65776
0.06 0.24 0 4.34582 5.05587 -2.91685
0.06 0.26 0 4.92917 5.10004 -3.18753
0.06 0.28 0 5.48899 5.10926 -3.48359
0.06 0.3 0 6.14418 5.02186 -3.7664
0.06 0.32 0 6.75709 4.88516 -4.07097
0.06 0.34 0 7.38372 4.66076 -4.36946
0.06 0.36 0 8.01475 4.33895 -4.64887
0.06 0.38 0 8.63947 3.91342 -4.89177
0.06 0.4 0 9.15833 3.43275 -5.14912
0.06 0.42 0 9.64048 2.85365 -5.3506
0.06 0.44 0 9.98165 2.22872 -5.5718
0.06 0.46 0 10.2608 1.52388 -5.71455
0.06 0.48 0 10.4706 0.767597 -5.75697
0.06 0.5 0 10.5092 0 -5.8111
0.06 0.52 0 10.4706 -0.767595 -5.75697
0.06 0.54 0 10.2608 -1.52388 -5.71455
0.06 0.56 0 9.98165 -2.22872 -5.5718
0.06 0.58 0 9.64048 -2.85365 -5.3506
0.06 0.6 0 9.15833 -3.43274 -5.14912
0.06 0.62 0 8.63947 -3.91342 -4.89177
0.06 0.64 0 8.01475 -4.33895 -4.64887
0.06 0.66 0 7.38372 -4.66076 -4.36946
0.06 0.68 0 6.75709 -4.88516 -4.07097
0.06 0.7 0 6.14418 -5.02186 -3.7664
0.06 0.72 0 5.48899 -5.10926 -3.48359
0.06 0.74 0 4.92917 -5.10004 -3.18753
0.06 0.76 0 4.34582 -5.05587 -2.91685
0.06 0.78 0 3.80519 -4.96115 -2.65776
0.06 0.8 0 3.30838 -4.82648 -2.41324
0.06 0.82 0 2.85532 -4.66134 -2.185
0.06 0.84 0 2.44502 -4.47393 -1.97379
0.06 0.86 0 2.11298 -4.26725 -1.77802
0.06 0.88 0 1.77954 -4.05698 -1.60144
0.06 0.9 0 1.48261 -3.84183 -1.44069
0.06 0.92 0 1.21943 -3.6257 -1.29489
0.06 0.94 0 0.987224 -3.41168 -1.16307
0.06 0.96 0 0.807494 -3.20443 -1.04492
0.06 0.98 0 0.626914 -3.00186 -0.938082
0.08 0 0 0.364886 2.94454 -0.883363
0.08 0.02 0 0.521146 3.16251 -0.988286
0.08 0.04 0 0.67675 3.38732 -1.10456
0.08 0.06 0 0.882712 3.6255 -1.23597
0.08 0.08 0 1.1192 3.87139 -1.38264
0.08 0.1 0 1.38956 4.12271 -1.54602
0.08 0.12 0 1.69723 4.37642 -1.72753
0.08 0.14 0 2.04565 4.62851 -1.92855
0.08 0.16 0 2.43814 4.8739 -2.15025
0.08 0.18 0 2.87774 5.10625 -2.39355
0.08 0.2 0 3.36696 5.31782 -2.65891
0.08 0.22 0 3.9076 5.49934 -2.94607
0.08 0.24 0 4.50041 5.63996 -3.25382
0.08 0.26 0 5.14479 5.72727 -3.57954
0.08 0.28 0 5.83845 5.74743 -3.9187
0.08 0.3 0 6.50254 5.71755 -4.28816
0.08 0.32 0 7.27457 5.56409 -4.63674
0.08 0.34 0 7.99154 5.34173 -5.00787
0.08 0.36 0 8.71697 5.00565 -5.3632
0.08 0.38 0 9.43789 4.54645 -5.68307
0.08 0.4 0 10.0418 4.01225 -6.01837
0.08 0.42 0 10.6038 3.35634 -6.29313
0.08 0.44 0 11.1099 2.59105 -6.47762
0.08 0.46 0 11.44 1.77645 -6.66168
0.08 0.48 0 11.6864 0.897044 -6.72783
0.08 0.5 0 11.7334 0 -6.79265
0.08 0.52 0 11.6864 -0.897043 -6.72783
0.08 0.54 0 11.44 -1.77645 -6.66168
0.08 0.56 0 11.1099 -2.59105 -6.47762
0.08 0.58 0 10.6038 -3.35634 -6.29313
0.08 0.6 0 10.0418 -4.01224 -6.01837
0.08 0.62 0 9.43789 -4.54645 -5.68307
0.08 0.64 0 8.71697 -5.00565 -5.3632
0.08 0.66 0 7.99154 -5.34173 -5.00787
0.08 0.68 0 7.27457 -5.56409 -4.63674
0.08 0.7 0 6.50254 -5.71755 -4.28816
0.08 0.72 0 5.83845 -5.74743 -3.9187
0.08 0.74 0 5.14479 -5.72727 -3.57954
0.08 0.76 0 4.50041 -5.63996 -3.25382
0.08 0.78 0 3.9076 -5.49934 -2.94607
0.08 0.8 0 3.36696 -5.31782 -2.65891
0.08 0.82 0 2.87774 -5.10625 -2.39355
0.08 0.84 0 2.43814 -4.8739 -2.15025
0.08 0.86 0 2.04565 -4.62851 -1.92855
0.08 0.88 0 1.69723 -4.37642 -1.72753
0.08 0.9 0 1.38956 -4.12272 -1.54602
0.08 0.92 0 1.1192 -3.87139 -1.38264
0.08 0.94 0 0.882712 -3.6255 -1.23597
0.08 0.96 0 0.67675 -3.38732 -1.10456
0.08 0.98 0 0.521146 -3.16251 -0.988286
0.1 0 0 0.247383 3.08135 -0.924407
0.1 0.02 0 0.377003 3.31834 -1.03698
0.1 0.04 0 0.553949 3.57464 -1.16564
0.1 0.06 0 0.760043 3.84382 -1.31039
0.1 0.08 0 0.967609 4.12122 -1.47186
0.1 0.1 0 1.24033 4.41246 -1.65467
0.1 0.12 0 1.55379 4.7105 -1.85941
0.1 0.14 0 1.95377 5.01054 -2.08773
0.1 0.16 0 2.36545 5.30703 -2.34134
0.1 0.18 0 2.83072 5.59408 -2.62222
0.1 0.2 0 3.35318 5.86323 -2.93162
0.1 0.22 0 3.93567 6.10417 -3.27009
0.1 0.24 0 4.57993 6.30453 -3.63723
0.1 0.26 0 5.35636 6.42913 -4.01821
0.1 0.28 0 6.12856 6.49769 -4.43025
0.1 0.3 0 6.87521 6.50756 -4.88067
0.1 0.32 0 7.74696 6.38274 -5.31895
0.1 0.34 0 8.65787 6.13036 -5.74721
0.1 0.36 0 9.49522 5.78234 -6.19536
0.1 0.38 0 10.3311 5.28794 -6.60993
0.1 0.4 0 11.0378 4.69401 -7.04101
0.1 0.42 0 11.8109 3.89917 -7.31094
0.1 0.44 0 12.2903 3.06765 -7.66912
0.1 0.46 0 12.8013 2.07832 -7.79369
0.1 0.48 0 12.9706 1.06991 -8.02433
0.1 0.5 0 13.1502 0 -7.96795
0.1 0.52 0 12.9706 -1.06991 -8.02433
0.1 0.54 0 12.8013 -2.07831 -7.79369
0.1 0.56 0 12.2903 -3.06765 -7.66912
0.1 0.58 0 11.8109 -3.89917 -7.31095
0.1 0.6 0 11.0378 -4.69401 -7.04102
0.1 0.62 0 10.3311 -5.28794 -6.60993
0.1 0.64 0 9.49522 -5.78234 -6.19536
0.1 0.66 0 8.65787 -6.13036 -5.74721
0.1 0.68 0 7.74696 -6.38274 -5.31895
0.1 0.7 0 6.87521 -6.50756 -4.88067
0.1 0.72 0 6.12857 -6.49769 -4.43025
0.1 0.74 0 5.35636 -6.42913 -4.01821
0.1 0.76 0 4.57993 -6.30453 -3.63723
0.1 0.78 0 3.93567 -6.10417 -3.27009
0.1 0.8 0 3.35319 -5.86323 -2.93162
0.1 0.82 0 2.83072 -5.59408 -2.62222
0.1 0.84 0 2.36545 -5.30704 -2.34134
0.1 0.86 0 1.95377 -5.01054 -2.08773
0.1 0.88 0 1.55379 -4.7105 -1.85941
0.1 0.9 0 1.24033 -4.41246 -1.65467
0.1 0.92 0 0.96761 -4.12122 -1.47187
0.1 0.94 0 0.760043 -3.84382 -1.31039
0.1 0.96 0 0.553949 -3.57464 -1.16564
0.1 0.98 0 0.377003 -3.31834 -1.03698
0.12 0 0 0.0939547 3.2089 -0.96267
0.12 0.02 0 0.215858 3.47039 -1.0845
0.12 0.04 0 0.386536 3.75629 -1.22488
0.12 0.06 0 0.587784 4.05933 -1.38386
0.12 0.08 0 0.823881 4.37857 -1.56377
0.12 0.1 0 1.09948 4.71229 -1.76711
0.12 0.12 0 1.41958 5.05788 -1.99653
0.12 0.14 0 1.78941 5.41153 -2.25481
0.12 0.16 0 2.21431 5.76801 -2.54471
0.12 0.18 0 2.75252 6.11702 -2.86736
0.12 0.2 0 3.30822 6.45325 -3.22662
0.12 0.22 0 3.9338 6.76439 -3.62378
0.12 0.24 0 4.70222 7.0223 -4.05133
0.12 0.26 0 5.48147 7.23363 -4.52102
0.12 0.28 0 6.33459 7.36884 -5.02421
0.12 0.3 0 7.25784 7.40589 -5.55442
0.12 0.32 0 8.24402 7.32097 -6.10081
0.12 0.34 0 9.28197 7.08993 -6.64681
0.12 0.36 0 10.2456 6.73952 -7.22091
0.12 0.38 0 11.3301 6.16033 -7.70042
0.12 0.4 0 12.1616 5.5001 -8.25015
0.12 0.42 0 13.0678 4.60174 -8.62826
0.12 0.44 0 13.7728 3.58887 -8.97219
0.12 0.46 0 14.2415 2.47679 -9.28796
0.12 0.48 0 14.5865 1.25781 -9.43357
0.12 0.5 0 14.657 0 -9.53122
0.12 0.52 0 14.5865 -1.25781 -9.43357
0.12 0.54 0 14.2415 -2.47679 -9.28796
0.12 0.56 0 13.7728 -3.58887 -8.97219
0.12 0.58 0 13.0678 -4.60174 -8.62827
0.12 0.6 0 12.1616 -5.5001 -8.25015
0.12 0.62 0 11.3301 -6.16033 -7.70042
0.12 0.64 0 10.2456 -6.73952 -7.22091
0.12 0.66 0 9.28198 -7.08993 -6.64681
0.12 0.68 0 8.24402 -7.32097 -6.10081
0.12 0.7 0 7.25785 -7.40589 -5.55442
0.12 0.72 0 6.33459 -7.36884 -5.02421
0.12 0.74 0 5.48147 -7.23363 -4.52102
0.12 0.76 0 4.70222 -7.0223 -4.05133
0.12 0.78 0 3.9338 -6.76439 -3.62378
0.12 0.8 0 3.30822 -6.45325 -3.22663
0.12 0.82 0 2.75252 -6.11702 -2.86736
0.12 0.84 0 2.21431 -5.76801 -2.54471
0.12 0.86 0 1.78941 -5.41153 -2.25481
0.12 0.88 0 1.41958 -5.05788 -1.99653
0.12 0.9 0 1.09948 -4.71229 -1.76711
0.12 0.92 0 0.823881 -4.37857 -1.56377
0.12 0.94 0 0.587784 -4.05933 -1.38386
0.12 0.96 0 0.386536 -3.75629 -1.22488
0.12 0.98 0 0.215858 -3.47039 -1.0845
0.14 0 0 -0.0973568 3.32146 -0.996439
0.14 0.02 0 0.0368846 3.61651 -1.13016
0.14 0.04 0 0.198504 3.93339 -1.28263
0.14 0.06 0 0.391842 4.27226 -1.45645
0.14 0.08 0 0.621761 4.6327 -1.65454
0.14 0.1 0 0.89365 5.01355 -1.88008
0.14 0.12 0 1.21339 5.41265 -2.13657
0.14 0.14 0 1.58729 5.82659 -2.42775
0.14 0.16 0 2.02198 6.25032 -2.7575
0.14 0.18 0 2.58032 6.67609 -3.12942
0.14 0.2 0 3.16242 7.09303 -3.54651
0.14 0.22 0 3.8935 7.48306 -4.00878
0.14 0.24 0 4.72383 7.82918 -4.51684
0.14 0.26 0 5.57507 8.12671 -5.07919
0.14 0.28 0 6.5164 8.345 -5.68978
0.14 0.3 0 7.64367 8.4284 -6.3213
0.14 0.32 0 8.76082 8.39814 -6.99845
0.14 0.34 0 9.94632 8.20072 -7.68817
0.14 0.36 0 11.1825 7.80644 -8.36405
0.14 0.38 0 12.3143 7.24584 -9.0573
0.14 0.4 0 13.4298 6.45807 -9.6871
0.14 0.42 0 14.4984 5.44121 -10.2023
0.14 0.44 0 15.3365 4.26757 -10.6689
0.14 0.46 0 15.8993 2.95613 -11.0855
0.14 0.48 0 16.3111 1.50584 -11.2938
0.14 0.5 0 16.398 0 -11.416
0.14 0.52 0 16.3111 -1.50584 -11.2938
0.14 0.54 0 15.8993 -2.95613 -11.0855
0.14 0.56 0 15.3365 -4.26757 -10.6689
0.14 0.58 0 14.4984 -5.44121 -10.2023
0.14 0.6 0 13.4298 -6.45806 -9.6871
0.14 0.62 0 12.3143 -7.24584 -9.0573
0.14 0.64 0 11.1825 -7.80644 -8.36405
0.14 0.66 0 9.94632 -8.20072 -7.68817
0.14 0.68 0 8.76082 -8.39814 -6.99845
0.14 0.7 0 7.64367 -8.4284 -6.3213
0.14 0.72 0 6.51641 -8.34501 -5.68978
0.14 0.74 0 5.57507 -8.12671 -5.07919
0.14 0.76 0 4.72383 -7.82918 -4.51684
0.14 0.78 0 3.8935 -7.48306 -4.00878
0.14 0.8 0 3.16242 -7.09303 -3.54652
0.14 0.82 0 2.58032 -6.67609 -3.12942
0.14 0.84 0 2.02198 -6.25033 -2.7575
0.14 0.86 0 1.58729 -5.82659 -2.42775
0.14 0.88 0 1.21339 -5.41265 -2.13657
0.14 0.9 0 0.89365 -5.01355 -1.88008
0.14 0.92 0 0.621762 -4.6327 -1.65454
0.14 0.94 0 0.391842 -4.27226 -1.45645
0.14 0.96 0 0.198504 -3.93339 -1.28263
0.14 0.98 0 0.0368847 -3.61651 -1.13016
0.16 0 0 -0.282223 3.43191 -1.02957
0.16 0.02 0 -0.160548 3.75427 -1.17321
0.16 0.04 0 -0.0392992 4.09359 -1.33487
0.16 0.06 0 0.139412 4.47021 -1.52393
0.16 0.08 0 0.355698 4.87472 -1.74097
0.16 0.1 0 0.615666 5.30672 -1.99002
0.16 0.12 0 0.926122 5.76483 -2.27559
0.16 0.14 0 1.34244 6.25251 -2.60521
0.16 0.16 0 1.7822 6.75116 -2.97845
0.16 0.18 0 2.35626 7.26369 -3.40486
0.16 0.2 0 2.96097 7.77314 -3.88657
0.16 0.22 0 3.73117 8.2667 -4.42859
0.16 0.24 0 4.61663 8.72254 -5.03224
0.16 0.26 0 5.6247 9.11618 -5.69761
0.16 0.28 0 6.66099 9.43771 -6.4348
0.16 0.3 0 7.91403 9.61958 -7.21469
0.16 0.32 0 9.17065 9.67065 -8.05887
0.16 0.34 0 10.6456 9.48941 -8.89632
0.16 0.36 0 12.0721 9.11221 -9.76308
0.16 0.38 0 13.3926 8.5258 -10.6573
0.16 0.4 0 14.7022 7.66071 -11.4911
0.16 0.42 0 15.9621 6.50769 -12.2019
0.16 0.44 0 16.9587 5.13828 -12.8457
0.16 0.46 0 17.8116 3.53663 -13.2623
0.16 0.48 0 18.307 1.80685 -13.5514
0.16 0.5 0 18.4149 0 -13.7043
0.16 0.52 0 18.307 -1.80685 -13.5514
0.16 0.54 0 17.8116 -3.53662 -13.2623
0.16 0.56 0 16.9587 -5.13828 -12.8457
0.16 0.58 0 15.9621 -6.50769 -12.2019
0.16 0.6 0 14.7022 -7.66071 -11.4911
0.16 0.62 0 13.3926 -8.5258 -10.6573
0.16 0.64 0 12.0721 -9.11221 -9.76308
0.16 0.66 0 10.6456 -9.48941 -8.89633
0.16 0.68 0 9.17065 -9.67065 -8.05887
0.16 0.7 0 7.91403 -9.61958 -7.21469
0.16 0.72 0 6.66099 -9.43771 -6.4348
0.16 0.74 0 5.6247 -9.11618 -5.69761
0.16 0.76 0 4.61663 -8.72254 -5.03224
0.16 0.78 0 3.73117 -8.2667 -4.42859
0.16 0.8 0 2.96097 -7.77315 -3.88657
0.16 0.82 0 2.35626 -7.26369 -3.40486
0.16 0.84 0 1.7822 -6.75116 -2.97845
0.16 0.86 0 1.34244 -6.25251 -2.60521
0.16 0.88 0 0.926122 -5.76483 -2.27559
0.16 0.9 0 0.615666 -5.30672 -1.99002
0.16 0.92 0 0.355698 -4.87472 -1.74097
0.16 0.94 0 0.139412 -4.47021 -1.52393
0.16 0.96 0 -0.0392991 -4.09359 -1.33487
0.16 0.98 0 -0.160548 -3.75427 -1.17321
0.18 0 0 -0.505846 3.51971 -1.05591
0.18 0.02 0 -0.4025 3.8695 -1.20922
0.18 0.04 0 -0.300502 4.23961 -1.38248
0.18 0.06 0 -0.140887 4.65491 -1.5869
0.18 0.08 0 0.0566807 5.10516 -1.82327
0.18 0.1 0 0.299012 5.59096 -2.09661
0.18 0.12 0 0.638422 6.12227 -2.41669
0.18 0.14 0 0.999714 6.6757 -2.78154
0.18 0.16 0 1.48826 7.26635 -3.20574
0.18 0.18 0 2.0092 7.8705 -3.6893
0.18 0.2 0 2.69333 8.49106 -4.24553
0.18 0.22 0 3.4979 9.10453 -4.87742
0.18 0.24 0 4.43553 9.68975 -5.59024
0.18 0.26 0 5.51728 10.2192 -6.38702
0.18 0.28 0 6.75133 10.6585 -7.26714
0.18 0.3 0 8.14131 10.9658 -8.22432
0.18 0.32 0 9.55349 11.1243 -9.27024
0.18 0.34 0 11.2263 11.0272 -10.338
0.18 0.36 0 12.8641 10.6926 -11.4564
0.18 0.38 0 14.5657 10.0406 -12.5508
0.18 0.4 0 16.1102 9.09501 -13.6425
0.18 0.42 0 17.604 7.78822 -14.6029
0.18 0.44 0 18.9933 6.13616 -15.3404
0.18 0.46 0 19.8173 4.28515 -16.0693
0.18 0.48 0 20.6213 2.1748 -16.311
0.18 0.5 0 20.7563 0 -16.5032
0.18 0.52 0 20.6213 -2.1748 -16.311
0.18 0.54 0 19.8173 -4.28514 -16.0693
0.18 0.56 0 18.9933 -6.13616 -15.3404
0.18 0.58 0 17.604 -7.78822 -14.6029
0.18 0.6 0 16.1102 -9.09501 -13.6425
0.18 0.62 0 14.5657 -10.0406 -12.5508
0.18 0.64 0 12.8641 -10.6926 -11.4564
0.18 0.66 0 11.2263 -11.0272 -10.338
0.18 0.68 0 9.55349 -11.1243 -9.27024
0.18 0.7 0 8.14131 -10.9658 -8.22432
0.18 0.72 0 6.75133 -10.6585 -7.26715
0.18 0.74 0 5.51728 -10.2192 -6.38702
0.18 0.76 0 4.43553 -9.68975 -5.59024
0.18 0.78 0 3.4979 -9.10453 -4.87743
0.18 0.8 0 2.69333 -8.49106 -4.24553
0.18 0.82 0 2.0092 -7.8705 -3.6893
0.18 0.84 0 1.48826 -7.26635 -3.20574
0.18 0.86 0 0.999714 -6.6757 -2.78154
0.18 0.88 0 0.638422 -6.12227 -2.41669
0.18 0.9 0 0.299013 -5.59096 -2.09661
0.18 0.92 0 0.056681 -5.10516 -1.82327
0.18 0.94 0 -0.140887 -4.65491 -1.5869
0.18 0.96 0 -0.300502 -4.23961 -1.38248
0.18 0.98 0 -0.4025 -3.8695 -1.20922
0.2 0 0 -0.745183 3.5903 -1.07709
0.2 0.02 0 -0.663772 3.96699 -1.23968
0.2 0.04 0 -0.585149 4.36761 -1.42422
0.2 0.06 0 -0.449591 4.8219 -1.64383
0.2 0.08 0 -0.276501 5.31892 -1.89962
0.2 0.1 0 -0.0584234 5.86053 -2.1977
0.2 0.12 0 0.213284 6.44768 -2.54514
0.2 0.14 0 0.600182 7.09282 -2.95534
0.2 0.16 0 1.07483 7.77861 -3.43174
0.2 0.18 0 1.58632 8.48867 -3.97906
0.2 0.2 0 2.27378 9.23461 -4.6173
0.2 0.22 0 3.09575 9.98914 -5.35133
0.2 0.24 0 4.06913 10.73 -6.1904
0.2 0.26 0 5.20974 11.4271 -7.14192
0.2 0.28 0 6.53079 12.0408 -8.20966
0.2 0.3 0 8.17116 12.5032 -9.37738
0.2 0.32 0 9.8853 12.7836 -10.653
0.2 0.34 0 11.6221 12.8401 -12.0376
0.2 0.36 0 13.6633 12.5384 -13.434
0.2 0.38 0 15.6388 11.893 -14.8662
0.2 0.4 0 17.6567 10.813 -16.2195
0.2 0.42 0 19.4372 9.33382 -17.5009
0.2 0.44 0 21.0995 7.41077 -18.5269
0.2 0.46 0 22.3375 5.15624 -19.3359
0.2 0.48 0 23.0674 2.65104 -19.8828
0.2 0.5 0 23.2361 0 -20.1307
0.2 0.52 0 23.0674 -2.65104 -19.8828
0.2 0.54 0 22.3375 -5.15623 -19.3359
0.2 0.56 0 21.0995 -7.41077 -18.5269
0.2 0.58 0 19.4372 -9.33382 -17.5009
0.2 0.6 0 17.6567 -10.813 -16.2195
0.2 0.62 0 15.6388 -11.893 -14.8662
0.2 0.64 0 13.6633 -12.5384 -13.434
0.2 0.66 0 11.6221 -12.8401 -12.0376
0.2 0.68 0 9.8853 -12.7836 -10.653
0.2 0.7 0 8.17116 -12.5032 -9.37738
0.2 0.72 0 6.53079 -12.0408 -8.20967
0.2 0.74 0 5.20974 -11.4271 -7.14192
0.2 0.76 0 4.06913 -10.73 -6.1904
0.2 0.78 0 3.09575 -9.98914 -5.35133
0.2 0.8 0 2.27378 -9.23461 -4.61731
0.2 0.82 0 1.58632 -8.48867 -3.97906
0.2 0.84 0 1.07483 -7.77861 -3.43174
0.2 0.86 0 0.600182 -7.09283 -2.95534
0.2 0.88 0 0.213284 -6.44768 -2.54514
0.2 0.9 0 -0.0584232 -5.86053 -2.1977
0.2 0.92 0 -0.276501 -5.31893 -1.89962
0.2 0.94 0 -0.449591 -4.8219 -1.64383
0.2 0.96 0 -0.585149 -4.36761 -1.42422
0.2 0.98 0 -0.663772 -3.96699 -1.23968
0.22 0 0 -0.999265 3.64071 -1.09221
0.22 0.02 0 -0.969401 4.02794 -1.25873
0.22 0.04 0 -0.892724 4.47338 -1.45871
0.22 0.06 0 -0.819254 4.94986 -1.68745
0.22 0.08 0 -0.681216 5.49348 -1.96196
0.22 0.1 0 -0.458087 6.10879 -2.2908
0.22 0.12 0 -0.218228 6.7645 -2.6702
0.22 0.14 0 0.0862308 7.47885 -3.11619
0.22 0.16 0 0.528363 8.26746 -3.64741
0.22 0.18 0 1.07847 9.10876 -4.26973
0.22 0.2 0 1.75587 9.99383 -4.99692
0.22 0.22 0 2.58157 10.9079 -5.84349
0.22 0.24 0 3.57757 11.8282 -6.82397
0.22 0.26 0 4.76566 12.7226 -7.9516
0.22 0.28 0 6.29258 13.5418 -9.23301
0.22 0.3 0 7.93516 14.2303 -10.6727
0.22 0.32 0 9.81343 14.7174 -12.2645
0.22 0.34 0 11.9229 14.9177 -13.9854
0.22 0.36 0 14.2433 14.7374 -15.79
0.22 0.38 0 16.7347 14.0831 -17.6039
0.22 0.4 0 19.1046 12.9363 -19.4045
0.22 0.42 0 21.2214 11.2681 -21.1278
0.22 0.44 0 23.2086 9.02352 -22.5588
0.22 0.46 0 24.7011 6.31927 -23.6973
0.22 0.48 0 25.588 3.26159 -24.4619
0.22 0.5 0 26.0771 0 -24.6049
0.22 0.52 0 25.588 -3.26158 -24.4619
0.22 0.54 0 24.7011 -6.31926 -23.6973
0.22 0.56 0 23.2086 -9.02352 -22.5588
0.22 0.58 0 21.2214 -11.2681 -21.1278
0.22 0.6 0 19.1046 -12.9363 -19.4045
0.22 0.62 0 16.7347 -14.0831 -17.6039
0.22 0.64 0 14.2433 -14.7374 -15.79
0.22 0.66 0 11.9229 -14.9177 -13.9854
0.22 0.68 0 9.81343 -14.7174 -12.2645
0.22 0.7 0 7.93516 -14.2303 -10.6727
0.22 0.72 0 6.29258 -13.5418 -9.23302
0.22 0.74 0 4.76566 -12.7226 -7.9516
0.22 0.76 0 3.57757 -11.8282 -6.82397
0.22 0.78 0 2.58157 -10.9079 -5.84349
0.22 0.8 0 1.75587 -9.99384 -4.99692
0.22 0.82 0 1.07847 -9.10876 -4.26973
0.22 0.84 0 0.528364 -8.26746 -3.64741
0.22 0.86 0 0.0862311 -7.47885 -3.11619
0.22 0.88 0 -0.218228 -6.7645 -2.6702
0.22 0.9 0 -0.458087 -6.10879 -2.2908
0.22 0.92 0 -0.681216 -5.49348 -1.96196
0.22 0.94 0 -0.819254 -4.94986 -1.68745
0.22 0.96 0 -0.892724 -4.47338 -1.45871
0.22 0.98 0 -0.969401 -4.02794 -1.25873
0.24 0 0 -1.2894 3.65152 -1.09546
0.24 0.02 0 -1.29187 4.05987 -1.26871
0.24 0.04 0 -1.25099 4.53433 -1.47859
0.24 0.06 0 -1.18392 5.06363 -1.72624
0.24 0.08 0 -1.1209 5.6333 -2.01189
0.24 0.1 0 -0.984684 6.28748 -2.35781
0.24 0.12 0 -0.750298 7.03286 -2.77613
0.24 0.14 0 -0.494838 7.83183 -3.26326
0.24 0.16 0 -0.100099 8.72787 -3.85053
0.24 0.18 0 0.405883 9.69841 -4.54613
0.24 0.2 0 1.04579 10.7372 -5.36858
0.24 0.22 0 1.84512 11.8314 -6.33825
0.24 0.24 0 2.83164 12.9595 -7.47663
0.24 0.26 0 4.1547 14.0971 -8.81069
0.24 0.28 0 5.61789 15.1723 -10.3447
0.24 0.3 0 7.50661 16.1276 -12.0957
0.24 0.32 0 9.5466 16.8767 -14.0639
0.24 0.34 0 12.0746 17.2919 -16.2112
0.24 0.36 0 14.7039 17.2873 -18.5221
0.24 0.38 0 17.5684 16.7212 -20.9015
0.24 0.4 0 20.334 15.5337 -23.3005
0.24 0.42 0 23.1211 13.6085 -25.516
0.24 0.44 0 25.5076 10.9915 -27.4789
0.24 0.46 0 27.3171 7.74731 -29.0524
0.24 0.48 0 28.7235 3.99018 -29.9263
0.24 0.5 0 28.9901 0 -30.3476
0.24 0.52 0 28.7235 -3.99017 -29.9263
0.24 0.54 0 27.3171 -7.7473 -29.0524
0.24 0.56 0 25.5076 -10.9915 -27.4789
0.24 0.58 0 23.1211 -13.6085 -25.516
0.24 0.6 0 20.334 -15.5337 -23.3005
0.24 0.62 0 17.5684 -16.7212 -20.9015
0.24 0.64 0 14.7039 -17.2873 -18.5221
0.24 0.66 0 12.0746 -17.2919 -16.2112
0.24 0.68 0 9.5466 -16.8767 -14.0639
0.24 0.7 0 7.50661 -16.1276 -12.0957
0.24 0.72 0 5.61789 -15.1723 -10.3447
0.24 0.74 0 4.1547 -14.0971 -8.81069
0.24 0.76 0 2.83164 -12.9595 -7.47663
0.24 0.78 0 1.84512 -11.8314 -6.33825
0.24 0.8 0 1.04579 -10.7372 -5.36859
0.24 0.82 0 0.405883 -9.69841 -4.54613
0.24 0.84 0 -0.100099 -8.72788 -3.85053
0.24 0.86 0 -0.494838 -7.83183 -3.26326
0.24 0.88 0 -0.750298 -7.03286 -2.77613
0.24 0.9 0 -0.984684 -6.28748 -2.35781
0.24 0.92 0 -1.1209 -5.6333 -2.01189
0.24 0.94 0 -1.18392 -5.06363 -1.72624
0.24 0.96 0 -1.25099 -4.53433 -1.47859
0.24 0.98 0 -1.29187 -4.05987 -1.26871
0.26 0 0 -1.59001 3.63254 -1.08976
0.26 0.02 0 -1.6286 4.05892 -1.26841
0.26 0.04 0 -1.62848 4.55928 -1.48672
0.26 0.06 0 -1.63905 5.10014 -1.73868
0.26 0.08 0 -1.59341 5.73103 -2.0468
0.26 0.1 0 -1.51196 6.43868 -2.41451
0.26 0.12 0 -1.38466 7.23043 -2.85412
0.26 0.14 0 -1.14401 8.13888 -3.3912
0.26 0.16 0 -0.877263 9.11858 -4.0229
0.26 0.18 0 -0.445251 10.224 -4.79251
0.26 0.2 0 0.122598 11.4271 -5.71357
0.26 0.22 0 0.856189 12.719 -6.81376
0.26 0.24 0 1.90051 14.1028 -8.13624
0.26 0.26 0 3.08665 15.4987 -9.6867
0.26 0.28 0 4.69624 16.8933 -11.5181
0.26 0.3 0 6.66104 18.1856 -13.6392
0.26 0.32 0 8.82523 19.2719 -16.0599
0.26 0.34 0 11.5683 20.02 -18.7687
0.26 0.36 0 14.7206 20.261 -21.7082
0.26 0.38 0 17.9747 19.8566 -24.8207
0.26 0.4 0 21.1704 18.6733 -28.01
0.26 0.42 0 24.7585 16.5013 -30.9399
0.26 0.44 0 27.6116 13.4545 -33.6363
0.26 0.46 0 29.7986 9.55104 -35.8164
0.26 0.48 0 31.4968 4.94636 -37.0977
0.26 0.5 0 31.8297 0 -37.6595
0.26 0.52 0 31.4968 -4.94635 -37.0977
0.26 0.54 0 29.7986 -9.55103 -35.8164
0.26 0.56 0 27.6116 -13.4545 -33.6363
0.26 0.58 0 24.7585 -16.5013 -30.9399
0.26 0.6 0 21.1704 -18.6733 -28.01
0.26 0.62 0 17.9747 -19.8566 -24.8207
0.26 0.64 0 14.7206 -20.261 -21.7083
0.26 0.66 0 11.5683 -20.02 -18.7687
0.26 0.68 0 8.82523 -19.2719 -16.0599
0.26 0.7 0 6.66104 -18.1856 -13.6392
0.26 0.72 0 4.69625 -16.8933 -11.5181
0.26 0.74 0 3.08665 -15.4987 -9.6867
0.26 0.76 0 1.90051 -14.1028 -8.13624
0.26 0.78 0 0.856189 -12.719 -6.81376
0.26 0.8 0 0.122599 -11.4272 -5.71358
0.26 0.82 0 -0.445251 -10.224 -4.79251
0.26 0.84 0 -0.877262 -9.11858 -4.0229
0.26 0.86 0 -1.14401 -8.13888 -3.3912
0.26 0.88 0 -1.38466 -7.23043 -2.85412
0.26 0.9 0 -1.51196 -6.43868 -2.41451
0.26 0.92 0 -1.59341 -5.73103 -2.0468
0.26 0.94 0 -1.63905 -5.10014 -1.73868
0.26 0.96 0 -1.62848 -4.55928 -1.48672
0.26 0.98 0 -1.6286 -4.05892 -1.26841
0.28 0 0 -1.89797 3.5809 -1.07427
0.28 0.02 0 -1.97624 4.02141 -1.25669
0.28 0.04 0 -2.0496 4.52039 -1.47404
0.28 0.06 0 -2.11487 5.08581 -1.7338
0.28 0.08 0 -2.13159 5.75285 -2.05459
0.28 0.1 0 -2.12001 6.50807 -2.44053
0.28 0.12 0 -2.0705 7.36167 -2.90592
0.28 0.14 0 -1.97088 8.32392 -3.4683
0.28 0.16 0 -1.74203 9.43673 -4.16326
0.28 0.18 0 -1.40874 10.6777 -5.00518
0.28 0.2 0 -0.942839 12.0501 -6.02504
0.28 0.22 0 -0.310447 13.5505 -7.25918
0.28 0.24 0 0.528237 15.1652 -8.74914
0.28 0.26 0 1.75301 16.8948 -10.5592
0.28 0.28 0 3.32159 18.6513 -12.7168
0.28 0.3 0 5.29309 20.3499 -15.2624
0.28 0.32 0 7.72247 21.8684 -18.2236
0.28 0.34 0 10.6516 23.0418 -21.6017
0.28 0.36 0 13.8253 23.6757 -25.3668
0.28 0.38 0 17.7288 23.5213 -29.4017
0.28 0.4 0 21.7057 22.3769 -33.5653
0.28 0.42 0 25.5146 20.0794 -37.6489
0.28 0.44 0 29.2702 16.5045 -41.2612
0.28 0.46 0 32.3192 11.7694 -44.1354
0.28 0.48 0 33.9383 6.15092 -46.1319
0.28 0.5 0 34.7928 0 -46.7171
0.28 0.52 0 33.9383 -6.15091 -46.1319
0.28 0.54 0 32.3192 -11.7694 -44.1354
0.28 0.56 0 29.2702 -16.5045 -41.2612
0.28 0.58 0 25.5146 -20.0794 -37.6489
0.28 0.6 0 21.7057 -22.3769 -33.5653
0.28 0.62 0 17.7288 -23.5213 -29.4017
0.28 0.64 0 13.8253 -23.6757 -25.3668
0.28 0.66 0 10.6516 -23.0418 -21.6017
0.28 0.68 0 7.72247 -21.8684 -18.2236
0.28 0.7 0 5.29309 -20.3499 -15.2624
0.28 0.72 0 3.3216 -18.6513 -12.7168
0.28 0.74 0 1.75301 -16.8948 -10.5592
0.28 0.76 0 0.528237 -15.1652 -8.74914
0.28 0.78 0 -0.310447 -13.5505 -7.25918
0.28 0.8 0 -0.942839 -12.0501 -6.02505
0.28 0.82 0 -1.40874 -10.6777 -5.00518
0.28 0.84 0 -1.74203 -9.43673 -4.16327
0.28 0.86 0 -1.97088 -8.32393 -3.4683
0.28 0.88 0 -2.0705 -7.36167 -2.90592
0.28 0.9 0 -2.12001 -6.50807 -2.44053
0.28 0.92 0 -2.13159 -5.75285 -2.05459
0.28 0.94 0 -2.11487 -5.08581 -1.7338
0.28 0.96 0 -2.0496 -4.52039 -1.47404
0.28 0.98 0 -1.97624 -4.02141 -1.25669
0.3 0 0 -2.23031 3.47202 -1.04161
0.3 0.02 0 -2.35426 3.92021 -1.22507
0.3 0.04 0 -2.48007 4.43133 -1.445
0.3 0.06 0 -2.60554 5.01475 -1.70957
0.3 0.08 0 -2.69219 5.71082 -2.03958
0.3 0.1 0 -2.80119 6.47411 -2.42779
0.3 0.12 0 -2.84866 7.37958 -2.91299
0.3 0.14 0 -2.80411 8.44805 -3.52002
0.3 0.16 0 -2.75374 9.62333 -4.24559
0.3 0.18 0 -2.55715 10.9937 -5.15329
0.3 0.2 0 -2.23985 12.533 -6.26651
0.3 0.22 0 -1.76534 14.2458 -7.63166
0.3 0.24 0 -1.08906 16.1263 -9.30363
0.3 0.26 0 -0.0179763 18.1952 -11.372
0.3 0.28 0 1.41677 20.3591 -13.8812
0.3 0.3 0 3.29246 22.5313 -16.8985
0.3 0.32 0 5.68728 24.5774 -20.4812
0.3 0.34 0 8.67029 26.3039 -24.6599
0.3 0.36 0 12.2861 27.4532 -29.4141
0.3 0.38 0 16.5347 27.712 -34.64
0.3 0.4 0 20.9639 26.7646 -40.1469
0.3 0.42 0 25.7204 24.3158 -45.5922
0.3 0.44 0 30.1021 20.2306 -50.5765
0.3 0.46 0 33.7084 14.5648 -54.6181
0.3 0.48 0 36.1629 7.63268 -57.245
0.3 0.5 0 37.1895 0 -58.1113
0.3 0.52 0 36.1629 -7.63267 -57.245
0.3 0.54 0 33.7084 -14.5648 -54.6182
0.3 0.56 0 30.1021 -20.2306 -50.5765
0.3 0.58 0 25.7204 -24.3158 -45.5922
0.3 0.6 0 20.9639 -26.7646 -40.1469
0.3 0.62 0 16.5347 -27.712 -34.64
0.3 0.64 0 12.2861 -27.4532 -29.4141
0.3 0.66 0 8.67029 -26.3039 -24.6599
0.3 0.68 0 5.68728 -24.5774 -20.4812
0.3 0.7 0 3.29246 -22.5313 -16.8985
0.3 0.72 0 1.41677 -20.3591 -13.8812
0.3 0.74 0 -0.0179763 -18.1952 -11.372
0.3 0.76 0 -1.08906 -16.1263 -9.30363
0.3 0.78 0 -1.76534 -14.2458 -7.63167
0.3 0.8 0 -2.23985 -12.533 -6.26651
0.3 0.82 0 -2.55715 -10.9937 -5.15329
0.3 0.84 0 -2.75374 -9.62333 -4.24559
0.3 0.86 0 -2.80411 -8.44806 -3.52002
0.3 0.88 0 -2.84866 -7.37958 -2.91299
0.3 0.9 0 -2.80119 -6.47411 -2.42779
0.3 0.92 0 -2.69219 -5.71083 -2.03958
0.3 0.94 0 -2.60554 -5.01475 -1.70957
0.3 0.96 0 -2.48007 -4.43133 -1.445
0.3 0.98 0 -2.35426 -3.92021 -1.22507
0.32 0 0 -2.55973 3.32233 -0.996698
0.32 0.02 0 -2.73178 3.77209 -1.17878
0.32 0.04 0 -2.91341 4.28836 -1.39838
0.32 0.06 0 -3.10375 4.88179 -1.66425
0.32 0.08 0 -3.30116 5.56469 -1.98739
0.32 0.1 0 -3.46367 6.38721 -2.3952
0.32 0.12 0 -3.65983 7.29622 -2.88009
0.32 0.14 0 -3.79631 8.38489 -3.4937
0.32 0.16 0 -3.90004 9.6368 -4.25153
0.32 0.18 0 -3.88085 11.1207 -5.21281
0.32 0.2 0 -3.76374 12.8132 -6.40659
0.32 0.22 0 -3.51205 14.7289 -7.89048
0.32 0.24 0 -3.07898 16.8734 -9.73467
0.32 0.26 0 -2.26252 19.2938 -12.0586
0.32 0.28 0 -1.08275 21.8956 -14.9288
0.32 0.3 0 0.555729 24.5973 -18.4479
0.32 0.32 0 2.75686 27.2578 -22.7148
0.32 0.34 0 5.62318 29.6586 -27.805
0.32 0.36 0 9.23825 31.4889 -33.7382
0.32 0.38 0 13.6408 32.3459 -40.4323
0.32 0.4 0 18.7921 31.7652 -47.6478
0.32 0.42 0 24.0588 29.3127 -54.9613
0.32 0.44 0 29.5478 24.699 -61.7474
0.32 0.46 0 33.736 17.9654 -67.3703
0.32 0.48 0 36.619 9.47837 -71.0877
0.32 0.5 0 37.8295 0 -72.3563
0.32 0.52 0 36.619 -9.47835 -71.0877
0.32 0.54 0 33.736 -17.9654 -67.3703
0.32 0.56 0 29.5478 -24.699 -61.7474
0.32 0.58 0 24.0588 -29.3127 -54.9613
0.32 0.6 0 18.7922 -31.7652 -47.6479
0.32 0.62 0 13.6408 -32.3459 -40.4323
0.32 0.64 0 9.23826 -31.4889 -33.7382
0.32 0.66 0 5.62318 -29.6586 -27.805
0.32 0.68 0 2.75686 -27.2578 -22.7148
0.32 0.7 0 0.55573 -24.5973 -18.448
0.32 0.72 0 -1.08274 -21.8956 -14.9288
0.32 0.74 0 -2.26252 -19.2938 -12.0586
0.32 0.76 0 -3.07898 -16.8734 -9.73467
0.32 0.78 0 -3.51205 -14.7289 -7.89049
0.32 0.8 0 -3.76375 -12.8132 -6.40659
0.32 0.82 0 -3.88085 -11.1207 -5.21281
0.32 0.84 0 -3.90004 -9.6368 -4.25153
0.32 0.86 0 -3.79631 -8.38489 -3.4937
0.32 0.88 0 -3.65983 -7.29622 -2.88009
0.32 0.9 0 -3.46367 -6.38721 -2.3952
0.32 0.92 0 -3.30116 -5.56469 -1.98739
0.32 0.94 0 -3.10375 -4.88179 -1.66425
0.32 0.96 0 -2.91341 -4.28836 -1.39838
0.32 0.98 0 -2.73178 -3.77209 -1.17878
0.34 0 0 -2.88072 3.13074 -0.939222
0.34 0.02 0 -3.12323 3.54715 -1.10848
0.34 0.04 0 -3.36619 4.05803 -1.32327
0.34 0.06 0 -3.62858 4.64937 -1.58501
0.34 0.08 0 -3.91081 5.33497 -1.90535
0.34 0.1 0 -4.21265 6.13098 -2.29912
0.34 0.12 0 -4.48933 7.10004 -2.80265
0.34 0.14 0 -4.81811 8.17978 -3.40824
0.34 0.16 0 -5.09662 9.48681 -4.18536
0.34 0.18 0 -5.28424 11.0612 -5.18493
0.34 0.2 0 -5.49219 12.8218 -6.41092
0.34 0.22 0 -5.53312 14.9136 -7.98941
0.34 0.24 0 -5.43354 17.2994 -9.98043
0.34 0.26 0 -4.98972 20.0592 -12.537
0.34 0.28 0 -4.3871 23.0273 -15.7004
0.34 0.3 0 -3.20297 26.2878 -19.7158
0.34 0.32 0 -1.45425 29.6299 -24.6916
0.34 0.34 0 1.29502 32.8895 -30.8339
0.34 0.36 0 4.63682 35.557 -38.0968
0.34 0.38 0 8.91551 37.2073 -46.5091
0.34 0.4 0 14.1454 37.2227 -55.8341
0.34 0.42 0 20.21 34.9578 -65.5459
0.34 0.44 0 25.6097 29.9102 -74.7756
0.34 0.46 0 30.8823 22.0079 -82.5294
0.34 0.48 0 34.1448 11.6982 -87.7361
0.34 0.5 0 35.5282 0 -89.5621
0.34 0.52 0 34.1448 -11.6981 -87.7361
0.34 0.54 0 30.8823 -22.0078 -82.5295
0.34 0.56 0 25.6097 -29.9102 -74.7756
0.34 0.58 0 20.21 -34.9578 -65.5459
0.34 0.6 0 14.1454 -37.2227 -55.8341
0.34 0.62 0 8.91551 -37.2073 -46.5091
0.34 0.64 0 4.63682 -35.557 -38.0968
0.34 0.66 0 1.29502 -32.8895 -30.8339
0.34 0.68 0 -1.45425 -29.6299 -24.6916
0.34 0.7 0 -3.20297 -26.2878 -19.7158
0.34 0.72 0 -4.3871 -23.0273 -15.7004
0.34 0.74 0 -4.98972 -20.0592 -12.537
0.34 0.76 0 -5.43354 -17.2994 -9.98043
0.34 0.78 0 -5.53312 -14.9136 -7.98941
0.34 0.8 0 -5.49219 -12.8218 -6.41092
0.34 0.82 0 -5.28424 -11.0612 -5.18493
0.34 0.84 0 -5.09662 -9.48682 -4.18536
0.34 0.86 0 -4.81811 -8.17978 -3.40824
0.34 0.88 0 -4.48933 -7.10004 -2.80265
0.34 0.9 0 -4.21265 -6.13098 -2.29912
0.34 0.92 0 -3.91081 -5.33497 -1.90535
0.34 0.94 0 -3.62858 -4.64937 -1.58501
0.34 0.96 0 -3.36619 -4.05803 -1.32327
0.34 0.98 0 -3.12323 -3.54715 -1.10848
0.36 0 0 -3.20392 2.86966 -0.860897
0.36 0.02 0 -3.47808 3.29901 -1.03094
0.36 0.04 0 -3.80212 3.76491 -1.22769
0.36 0.06 0 -4.13814 4.34294 -1.48055
0.36 0.08 0 -4.53769 4.97781 -1.77779
0.36 0.1 0 -4.94917 5.76347 -2.1613
0.36 0.12 0 -5.3599 6.7333 -2.65788
0.36 0.14 0 -5.84595 7.81941 -3.25809
0.36 0.16 0 -6.31625 9.15395 -4.03851
0.36 0.18 0 -6.80472 10.7221 -5.02597
0.36 0.2 0 -7.29984 12.5608 -6.2804
0.36 0.22 0 -7.78339 14.7084 -7.87951
0.36 0.24 0 -8.11053 17.2862 -9.9728
0.36 0.26 0 -8.30973 20.248 -12.655
0.36 0.28 0 -8.1362 23.695 -16.1557
0.36 0.3 0 -7.59279 27.4975 -20.6231
0.36 0.32 0 -6.53526 31.5359 -26.2799
0.36 0.34 0 -4.79272 35.5743 -33.3509
0.36 0.36 0 -2.18134 39.2152 -42.0163
0.36 0.38 0 1.90825 41.953 -52.4413
0.36 0.4 0 6.76629 42.8036 -64.2053
0.36 0.42 0 12.1201 40.9186 -76.7223
0.36 0.44 0 18.1656 35.6197 -89.0493
0.36 0.46 0 23.6981 26.5647 -99.6177
0.36 0.48 0 27.1657 14.2367 -106.775
0.36 0.5 0 28.666 0 -109.343
0.36 0.52 0 27.1657 -14.2367 -106.775
0.36 0.54 0 23.6981 -26.5647 -99.6177
0.36 0.56 0 18.1656 -35.6197 -89.0493
0.36 0.58 0 12.1201 -40.9186 -76.7223
0.36 0.6 0 6.76629 -42.8035 -64.2053
0.36 0.62 0 1.90825 -41.953 -52.4413
0.36 0.64 0 -2.18134 -39.2152 -42.0163
0.36 0.66 0 -4.79272 -35.5743 -33.3509
0.36 0.68 0 -6.53526 -31.5359 -26.2799
0.36 0.7 0 -7.59279 -27.4975 -20.6231
0.36 0.72 0 -8.1362 -23.695 -16.1557
0.36 0.74 0 -8.30973 -20.248 -12.655
0.36 0.76 0 -8.11053 -17.2862 -9.9728
0.36 0.78 0 -7.78339 -14.7084 -7.87952
0.36 0.8 0 -7.29984 -12.5608 -6.28041
0.36 0.82 0 -6.80472 -10.7221 -5.02597
0.36 0.84 0 -6.31626 -9.15395 -4.03851
0.36 0.86 0 -5.84596 -7.81941 -3.25809
0.36 0.88 0 -5.3599 -6.7333 -2.65788
0.36 0.9 0 -4.94917 -5.76347 -2.1613
0.36 0.92 0 -4.5377 -4.97781 -1.77779
0.36 0.94 0 -4.13814 -4.34294 -1.48055
0.36 0.96 0 -3.80212 -3.76491 -1.22769
0.36 0.98 0 -3.47808 -3.29901 -1.03094
0.38 0 0 -3.48813 2.59354 -0.778062
0.38 0.02 0 -3.8283 2.97039 -0.928247
0.38 0.04 0 -4.21126 3.40971 -1.11186
0.38 0.06 0 -4.64334 3.9234 -1.33752
0.38 0.08 0 -5.13182 4.52581 -1.61636
0.38 0.1 0 -5.65394 5.28238 -1.98089
0.38 0.12 0 -6.23938 6.17665 -2.43815
0.38 0.14 0 -6.89551 7.23569 -3.01487
0.38 0.16 0 -7.62982 8.49164 -3.74631
0.38 0.18 0 -8.38704 10.0559 -4.7137
0.38 0.2 0 -9.2101 11.9144 -5.95719
0.38 0.22 0 -10.0935 14.117 -7.56266
0.38 0.24 0 -11.0244 16.7149 -9.6432
0.38 0.26 0 -11.843 19.866 -12.4163
0.38 0.28 0 -12.5836 23.5092 -16.029
0.38 0.3 0 -12.9572 27.7668 -20.8251
0.38 0.32 0 -13.2091 32.3005 -26.9171
0.38 0.34 0 -12.3949 37.3147 -34.9825
0.38 0.36 0 -11.0468 41.9793 -44.9778
0.38 0.38 0 -8.67027 45.7635 -57.2044
0.38 0.4 0 -5.0575 47.7073 -71.5609
0.38 0.42 0 -0.11732 46.6373 -87.445
0.38 0.44 0 5.28177 41.3433 -103.358
0.38 0.46 0 9.65268 31.2328 -117.123
0.38 0.48 0 13.7597 16.919 -126.892
0.38 0.5 0 15.2429 0 -130.39
0.38 0.52 0 13.7597 -16.9189 -126.892
0.38 0.54 0 9.65269 -31.2327 -117.123
0.38 0.56 0 5.28177 -41.3433 -103.358
0.38 0.58 0 -0.117318 -46.6373 -87.445
0.38 0.6 0 -5.0575 -47.7072 -71.5609
0.38 0.62 0 -8.67027 -45.7635 -57.2044
0.38 0.64 0 -11.0468 -41.9793 -44.9778
0.38 0.66 0 -12.3949 -37.3147 -34.9825
0.38 0.68 0 -13.2091 -32.3005 -26.9171
0.38 0.7 0 -12.9572 -27.7669 -20.8251
0.38 0.72 0 -12.5836 -23.5092 -16.029
0.38 0.74 0 -11.843 -19.866 -12.4163
0.38 0.76 0 -11.0244 -16.7149 -9.6432
0.38 0.78 0 -10.0936 -14.117 -7.56266
0.38 0.8 0 -9.2101 -11.9144 -5.95719
0.38 0.82 0 -8.38704 -10.0559 -4.7137
0.38 0.84 0 -7.62982 -8.49164 -3.74631
0.38 0.86 0 -6.89551 -7.2357 -3.01487
0.38 0.88 0 -6.23938 -6.17665 -2.43815
0.38 0.9 0 -5.65394 -5.28238 -1.98089
0.38 0.92 0 -5.13182 -4.52581 -1.61636
0.38 0.94 0 -4.64334 -3.9234 -1.33752
0.38 0.96 0 -4.21126 -3.40971 -1.11186
0.38 0.98 0 -3.8283 -2.97039 -0.928247
0.4 0 0 -3.7581 2.24833 -0.6745
0.4 0.02 0 -4.15935 2.55846 -0.799519
0.4 0.04 0 -4.60048 2.95781 -0.964502
0.4 0.06 0 -5.10278 3.42751 -1.16847
0.4 0.08 0 -5.67643 3.98179 -1.42207
0.4 0.1 0 -6.33351 4.63802 -1.73926
0.4 0.12 0 -7.0561 5.47517 -2.16125
0.4 0.14 0 -7.88098 6.47531 -2.69805
0.4 0.16 0 -8.86991 7.59996 -3.35292
0.4 0.18 0 -9.90203 9.1084 -4.26956
0.4 0.2 0 -11.1346 10.8308 -5.41541
0.4 0.22 0 -12.4591 12.9993 -6.96392
0.4 0.24 0 -13.9397 15.5972 -8.9984
0.4 0.26 0 -15.5781 18.6905 -11.6815
0.4 0.28 0 -17.3635 22.3349 -15.2284
0.4 0.3 0 -19.0733 26.7182 -20.0387
0.4 0.32 0 -20.5043 31.8465 -26.5387
0.4 0.34 0 -21.9398 37.2127 -34.887
0.4 0.36 0 -22.617 42.8007 -45.8579
0.4 0.38 0 -22.4781 47.732 -59.665
0.4 0.4 0 -21.1952 50.9143 -76.3715
0.4 0.42 0 -19.1567 50.7272 -95.1135
0.4 0.44 0 -15.8031 45.8845 -114.711
0.4 0.46 0 -12.1678 35.2939 -132.352
0.4 0.48 0 -9.86695 19.276 -144.57
0.4 0.5 0 -8.69727 0 -149.123
0.4 0.52 0 -9.86695 -19.276 -144.57
0.4 0.54 0 -12.1678 -35.2938 -132.352
0.4 0.56 0 -15.8031 -45.8845 -114.711
0.4 0.58 0 -19.1567 -50.7272 -95.1135
0.4 0.6 0 -21.1952 -50.9143 -76.3715
0.4 0.62 0 -22.4781 -47.732 -59.665
0.4 0.64 0 -22.617 -42.8007 -45.8579
0.4 0.66 0 -21.9398 -37.2128 -34.887
0.4 0.68 0 -20.5043 -31.8465 -26.5387
0.4 0.7 0 -19.0733 -26.7182 -20.0387
0.4 0.72 0 -17.3635 -22.3349 -15.2284
0.4 0.74 0 -15.5781 -18.6905 -11.6815
0.4 0.76 0 -13.9397 -15.5972 -8.9984
0.4 0.78 0 -12.4591 -12.9993 -6.96392
0.4 0.8 0 -11.1346 -10.8308 -5.41541
0.4 0.82 0 -9.90203 -9.1084 -4.26956
0.4 0.84 0 -8.86991 -7.59996 -3.35293
0.4 0.86 0 -7.88098 -6.47531 -2.69805
0.4 0.88 0 -7.0561 -5.47517 -2.16125
0.4 0.9 0 -6.33351 -4.63802 -1.73926
0.4 0.92 0 -5.67644 -3.98179 -1.42207
0.4 0.94 0 -5.10278 -3.42751 -1.16847
0.4 0.96 0 -4.60049 -2.95781 -0.964503
0.4 0.98 0 -4.15935 -2.55846 -0.799519
0.42 0 0 -4.00111 1.83388 -0.550163
0.42 0.02 0 -4.43135 2.13374 -0.666793
0.42 0.04 0 -4.93694 2.448 -0.79826
0.42 0.06 0 -5.50307 2.86144 -0.97549
0.42 0.08 0 -6.15477 3.35232 -1.19726
0.42 0.1 0 -6.90785 3.93725 -1.47647
0.42 0.12 0 -7.78135 4.6367 -1.83028
0.42 0.14 0 -8.79837 5.47595 -2.28165
0.42 0.16 0 -9.98676 6.48607 -2.8615
0.42 0.18 0 -11.3333 7.7941 -3.65349
0.42 0.2 0 -12.9049 9.38124 -4.69062
0.42 0.22 0 -14.7417 11.3075 -6.05761
0.42 0.24 0 -16.8892 13.642 -7.87038
0.42 0.26 0 -19.2884 16.6088 -10.3805
0.42 0.28 0 -22.1792 20.0023 -13.6379
0.42 0.3 0 -25.1776 24.3902 -18.2926
0.42 0.32 0 -28.6879 29.2689 -24.3908
0.42 0.34 0 -32.2578 34.9367 -32.7531
0.42 0.36 0 -35.9039 40.8839 -43.8042
0.42 0.38 0 -38.9384 46.7236 -58.4046
0.42 0.4 0 -41.7496 50.8089 -76.2133
0.42 0.42 0 -43.5364 51.8006 -97.1261
0.42 0.44 0 -44.6126 47.6573 -119.143
0.42 0.46 0 -44.1334 37.3093 -139.91
0.42 0.48 0 -43.9344 20.596 -154.47
0.42 0.5 0 -43.5003 0 -159.999
0.42 0.52 0 -43.9344 -20.596 -154.47
0.42 0.54 0 -44.1334 -37.3092 -139.91
0.42 0.56 0 -44.6126 -47.6573 -119.143
0.42 0.58 0 -43.5364 -51.8006 -97.1261
0.42 0.6 0 -41.7496 -50.8089 -76.2133
0.42 0.62 0 -38.9384 -46.7236 -58.4046
0.42 0.64 0 -35.9039 -40.8839 -43.8042
0.42 0.66 0 -32.2578 -34.9367 -32.7531
0.42 0.68 0 -28.6879 -29.2689 -24.3908
0.42 0.7 0 -25.1776 -24.3902 -18.2926
0.42 0.72 0 -22.1792 -20.0023 -13.6379
0.42 0.74 0 -19.2884 -16.6088 -10.3805
0.42 0.76 0 -16.8892 -13.642 -7.87038
0.42 0.78 0 -14.7417 -11.3075 -6.05761
0.42 0.8 0 -12.9049 -9.38125 -4.69062
0.42 0.82 0 -11.3333 -7.7941 -3.65349
0.42 0.84 0 -9.98677 -6.48607 -2.8615
0.42 0.86 0 -8.79837 -5.47596 -2.28165
0.42 0.88 0 -7.78135 -4.6367 -1.83028
0.42 0.9 0 -6.90785 -3.93725 -1.47647
0.42 0.92 0 -6.15477 -3.35232 -1.19726
0.42 0.94 0 -5.50307 -2.86144 -0.97549
0.42 0.96 0 -4.93695 -2.448 -0.79826
0.42 0.98 0 -4.43135 -2.13374 -0.666793
0.44 0 0 -4.188 1.41808 -0.425424
0.44 0.02 0 -4.66322 1.63401 -0.510629
0.44 0.04 0 -5.21074 1.88832 -0.615756
0.44 0.06 0 -5.83173 2.23437 -0.761719
0.44 0.08 0 -6.56599 2.59701 -0.927504
0.44 0.1 0 -7.42334 3.02928 -1.13598
0.44 0.12 0 -8.40845 3.61148 -1.42558
0.44 0.14 0 -9.56545 4.31561 -1.79817
0.44 0.16 0 -10.9609 5.08677 -2.24416
0.44 0.18 0 -12.5856 6.11539 -2.86659
0.44 0.2 0 -14.4753 7.48036 -3.74018
0.44 0.22 0 -16.778 9.03244 -4.83881
0.44 0.24 0 -19.4705 11.0733 -6.38843
0.44 0.26 0 -22.7739 13.4082 -8.3801
0.44 0.28 0 -26.6392 16.4273 -11.2004
0.44 0.3 0 -31.1096 20.2802 -15.2101
0.44 0.32 0 -36.3582 24.8476 -20.7063
0.44 0.34 0 -42.668 29.8034 -27.9407
0.44 0.36 0 -49.344 35.7573 -38.3114
0.44 0.38 0 -56.9257 41.3214 -51.6517
0.44 0.4 0 -64.8459 45.7623 -68.6435
0.44 0.42 0 -71.9314 47.8635 -89.744
0.44 0.44 0 -78.3542 45.0082 -112.52
0.44 0.46 0 -83.4554 35.6927 -133.848
0.44 0.48 0 -86.6143 19.9319 -149.489
0.44 0.5 0 -88.3025 0 -154.619
0.44 0.52 0 -86.6143 -19.9318 -149.489
0.44 0.54 0 -83.4554 -35.6927 -133.848
0.44 0.56 0 -78.3542 -45.0082 -112.52
0.44 0.58 0 -71.9314 -47.8635 -89.7441
0.44 0.6 0 -64.846 -45.7623 -68.6435
0.44 0.62 0 -56.9257 -41.3214 -51.6517
0.44 0.64 0 -49.344 -35.7573 -38.3114
0.44 0.66 0 -42.668 -29.8034 -27.9407
0.44 0.68 0 -36.3582 -24.8476 -20.7063
0.44 0.7 0 -31.1096 -20.2802 -15.2101
0.44 0.72 0 -26.6392 -16.4273 -11.2004
0.44 0.74 0 -22.7739 -13.4082 -8.3801
0.44 0.76 0 -19.4705 -11.0733 -6.38843
0.44 0.78 0 -16.778 -9.03244 -4.83881
0.44 0.8 0 -14.4753 -7.48037 -3.74018
0.44 0.82 0 -12.5856 -6.11539 -2.86659
0.44 0.84 0 -10.9609 -5.08677 -2.24416
0.44 0.86 0 -9.56546 -4.31561 -1.79817
0.44 0.88 0 -8.40845 -3.61148 -1.42558
0.44 0.9 0 -7.42334 -3.02928 -1.13598
0.44 0.92 0 -6.56599 -2.59701 -0.927504
0.44 0.94 0 -5.83173 -2.23437 -0.761719
0.44 0.96 0 -5.21074 -1.88832 -0.615756
0.44 0.98 0 -4.66322 -1.63401 -0.510629
0.46 0 0 -4.32648 0.977058 -0.293117
0.46 0.02 0 -4.83356 1.10169 -0.344278
0.46 0.04 0 -5.41341 1.28897 -0.420315
0.46 0.06 0 -6.08664 1.51171 -0.515355
0.46 0.08 0 -6.87209 1.77775 -0.634909
0.46 0.1 0 -7.79306 2.09686 -0.786323
0.46 0.12 0 -8.8786 2.48131 -0.979466
0.46 0.14 0 -10.165 2.9465 -1.22771
0.46 0.16 0 -11.698 3.51176 -1.5493
0.46 0.18 0 -13.5098 4.30116 -2.01617
0.46 0.2 0 -15.7179 5.16029 -2.58014
0.46 0.22 0 -18.3545 6.34657 -3.39995
0.46 0.24 0 -21.5544 7.81479 -4.50853
0.46 0.26 0 -25.5139 9.45086 -5.90679
0.46 0.28 0 -30.2172 11.8602 -8.08652
0.46 0.3 0 -36.0431 14.5771 -10.9328
0.46 0.32 0 -43.0268 18.1042 -15.0868
0.46 0.34 0 -51.6146 21.9158 -20.5461
0.46 0.36 0 -61.6855 26.4673 -28.3578
0.46 0.38 0 -73.3962 31.0983 -38.8729
0.46 0.4 0 -86.1651 35.4494 -53.1741
0.46 0.42 0 -99.9313 37.4292 -70.1798
0.46 0.44 0 -113.183 35.7721 -89.4304
0.46 0.46 0 -124.753 28.6723 -107.521
0.46 0.48 0 -132.865 16.076 -120.57
0.46 0.5 0 -135.312 0 -126.212
0.46 0.52 0 -132.865 -16.076 -120.57
0.46 0.54 0 -124.753 -28.6723 -107.521
0.46 0.56 0 -113.183 -35.7721 -89.4304
0.46 0.58 0 -99.9313 -37.4292 -70.1798
0.46 0.6 0 -86.1651 -35.4494 -53.1741
0.46 0.62 0 -73.3962 -31.0983 -38.8729
0.46 0.64 0 -61.6855 -26.4673 -28.3578
0.46 0.66 0 -51.6147 -21.9158 -20.5461
0.46 0.68 0 -43.0268 -18.1042 -15.0868
0.46 0.7 0 -36.0431 -14.5771 -10.9328
0.46 0.72 0 -30.2172 -11.8602 -8.08653
0.46 0.74 0 -25.5139 -9.45086 -5.90679
0.46 0.76 0 -21.5544 -7.81479 -4.50853
0.46 0.78 0 -18.3545 -6.34657 -3.39995
0.46 0.8 0 -15.7179 -5.16029 -2.58014
0.46 0.82 0 -13.5098 -4.30116 -2.01617
0.46 0.84 0 -11.698 -3.51176 -1.5493
0.46 0.86 0 -10.165 -2.9465 -1.22771
0.46 0.88 0 -8.8786 -2.48131 -0.979466
0.46 0.9 0 -7.79306 -2.09686 -0.786323
0.46 0.92 0 -6.87209 -1.77775 -0.634909
0.46 0.94 0 -6.08664 -1.51171 -0.515355
0.46 0.96 0 -5.41341 -1.28897 -0.420315
0.46 0.98 0 -4.83356 -1.10169 -0.344278
0.48 0 0 -4.41552 0.484534 -0.14536
0.48 0.02 0 -4.93726 0.546816 -0.17088
0.48 0.04 0 -5.53846 0.661949 -0.215853
0.48 0.06 0 -6.24245 0.752845 -0.256652
0.48 0.08 0 -7.06162 0.913574 -0.326276
0.48 0.1 0 -8.03093 1.04801 -0.393003
0.48 0.12 0 -9.17103 1.27682 -0.504006
0.48 0.14 0 -10.5355 1.47857 -0.616071
0.48 0.16 0 -12.1592 1.81085 -0.798906
0.48 0.18 0 -14.1133 2.22086 -1.04103
0.48 0.2 0 -16.4953 2.60975 -1.30488
0.48 0.22 0 -19.3815 3.22064 -1.72534
0.48 0.24 0 -22.9178 3.98053 -2.29646
0.48 0.26 0 -27.2729 4.92501 -3.07813
0.48 0.28 0 -32.6588 6.09436 -4.15525
0.48 0.3 0 -39.3361 7.52962 -5.64721
0.48 0.32 0 -47.5477 9.5585 -7.96541
0.48 0.34 0 -57.7469 11.6388 -10.9114
0.48 0.36 0 -70.0968 14.3482 -15.3731
0.48 0.38 0 -84.9996 16.7618 -20.9523
0.48 0.4 0 -102.098 19.2783 -28.9175
0.48 0.42 0 -120.834 20.7726 -38.9486
0.48 0.44 0 -139.99 19.8054 -49.5135
0.48 0.46 0 -156.948 15.9924 -59.9715
0.48 0.48 0 -168.714 9.10238 -68.2678
0.48 0.5 0 -172.714 0 -72.3076
0.48 0.52 0 -168.714 -9.10237 -68.2678
0.48 0.54 0 -156.948 -15.9924 -59.9715
0.48 0.56 0 -139.99 -19.8054 -49.5135
0.48 0.58 0 -120.834 -20.7726 -38.9486
0.48 0.6 0 -102.098 -19.2783 -28.9175
0.48 0.62 0 -84.9996 -16.7618 -20.9523
0.48 0.64 0 -70.0969 -14.3482 -15.3731
0.48 0.66 0 -57.747 -11.6388 -10.9114
0.48 0.68 0 -47.5477 -9.5585 -7.96541
0.48 0.7 0 -39.3361 -7.52962 -5.64721
0.48 0.72 0 -32.6588 -6.09436 -4.15525
0.48 0.74 0 -27.2729 -4.92501 -3.07813
0.48 0.76 0 -22.9178 -3.98053 -2.29646
0.48 0.78 0 -19.3815 -3.22064 -1.72534
0.48 0.8 0 -16.4953 -2.60975 -1.30488
0.48 0.82 0 -14.1133 -2.22086 -1.04103
0.48 0.84 0 -12.1592 -1.81085 -0.798907
0.48 0.86 0 -10.5355 -1.47857 -0.616071
0.48 0.88 0 -9.17103 -1.27682 -0.504006
0.48 0.9 0 -8.03093 -1.04801 -0.393003
0.48 0.92 0 -7.06162 -0.913574 -0.326277
0.48 0.94 0 -6.24245 -0.752845 -0.256652
0.48 0.96 0 -5.53846 -0.661949 -0.215853
0.48 0.98 0 -4.93726 -0.546816 -0.17088
0.5 0 0 -4.44453 -0.0175492 0.00526477
0.5 0.02 0 -4.9711 -0.0195598 0.00611245
0.5 0.04 0 -5.58179 -0.0218764 0.00713362
0.5 0.06 0 -6.29352 -0.0245564 0.0083715
0.5 0.08 0 -7.12727 -0.0276695 0.00988196
0.5 0.1 0 -8.10926 -0.0313008 0.0117378
0.5 0.12 0 -9.27238 -0.0355543 0.0140346
0.5 0.14 0 -10.6581 -0.040557 0.0168987
0.5 0.16 0 -12.3193 -0.0464636 0.0204987
0.5 0.18 0 -14.3229 -0.0534622 0.0250604
0.5 0.2 0 -16.7551 -0.0617785 0.0308893
0.5 0.22 0 -19.726 -0.0716799 0.0383999
0.5 0.24 0 -23.377 -0.0834729 0.0481574
0.5 0.26 0 -27.8886 -0.0974917 0.0609323
0.5 0.28 0 -33.4893 -0.114065 0.0777715
0.5 0.3 0 -40.4628 -0.133442 0.100081
0.5 0.32 0 -49.1493 -0.15565 0.129708
0.5 0.34 0 -59.9319 -0.18024 0.168975
0.5 0.36 0 -73.1901 -0.205866 0.220571
0.5 0.38 0 -89.1941 -0.229694 0.287118
0.5 0.4 0 -107.907 -0.246749 0.370123
0.5 0.42 0 -128.685 -0.249641 0.468077
0.5 0.44 0 -149.939 -0.229558 0.573894
0.5 0.46 0 -168.986 -0.179493 0.673098
0.5 0.48 0 -182.441 -0.0993987 0.74549
0.5 0.5 0 -187.328 0 0.772232
0.5 0.52 0 -182.441 0.0993986 0.74549
0.5 0.54 0 -168.986 0.179493 0.673099
0.5 0.56 0 -149.939 0.229558 0.573894
0.5 0.58 0 -128.685 0.249641 0.468077
0.5 0.6 0 -107.907 0.246749 0.370123
0.5 0.62 0 -89.1941 0.229694 0.287118
0.5 0.64 0 -73.1901 0.205866 0.220571
0.5 0.66 0 -59.9319 0.18024 0.168975
0.5 0.68 0 -49.1493 0.15565 0.129708
0.5 0.7 0 -40.4628 0.133442 0.100081
0.5 0.72 0 -33.4893 0.114065 0.0777715
0.5 0.74 0 -27.8886 0.0974917 0.0609323
0.5 0.76 0 -23.377 0.0834729 0.0481574
0.5 0.78 0 -19.726 0.0716799 0.0383999
0.5 0.8 0 -16.7551 0.0617786 0.0308893
0.5 0.82 0 -14.3229 0.0534622 0.0250604
0.5 0.84 0 -12.3193 0.0464636 0.0204987
0.5 0.86 0 -10.6581 0.040557 0.0168987
0.5 0.88 0 -9.27238 0.0355543 0.0140346
0.5 0.9 0 -8.10926 0.0313008 0.0117378
0.5 0.92 0 -7.12727 0.0276695 0.00988197
0.5 0.94 0 -6.29352 0.0245564 0.0083715
0.5 0.96 0 -5.58179 0.0218764 0.00713362
0.5 0.98 0 -4.9711 0.0195598 0.00611245
0.52 0 0 -4.41543 -0.485668 0.145701
0.52 0.02 0 -4.93716 -0.548089 0.171278
0.52 0.04 0 -5.53834 -0.663383 0.21632
0.52 0.06 0 -6.24231 -0.754467 0.257205
0.52 0.08 0 -7.06145 -0.915417 0.326935
0.52 0.1 0 -8.03073 -1.05011 0.393793
0.52 0.12 0 -9.17078 -1.27923 0.50496
0.52 0.14 0 -10.5352 -1.48136 0.617235
0.52 0.16 0 -12.1588 -1.8141 0.800337
0.52 0.18 0 -14.1129 -2.22465 1.0428
0.52 0.2 0 -16.4948 -2.61421 1.30711
0.52 0.22 0 -19.3808 -3.22592 1.72817
0.52 0.24 0 -22.9169 -3.98682 2.30009
0.52 0.26 0 -27.2717 -4.93255 3.08284
0.52 0.28 0 -32.6573 -6.10344 4.16143
0.52 0.3 0 -39.3342 -7.54059 5.65544
0.52 0.32 0 -47.5451 -9.57177 7.97647
0.52 0.34 0 -57.7434 -11.6549 10.9264
0.52 0.36 0 -70.092 -14.3674 15.3936
0.52 0.38 0 -84.9932 -16.7843 20.9803
0.52 0.4 0 -102.089 -19.3036 28.9554
0.52 0.42 0 -120.823 -20.7995 38.999
0.52 0.44 0 -139.976 -19.8312 49.5781
0.52 0.46 0 -156.93 -16.0134 60.0502
0.52 0.48 0 -168.694 -9.11428 68.357
0.52 0.5 0 -172.693 0 72.4007
0.52 0.52 0 -168.694 9.11426 68.3571
0.52 0.54 0 -156.93 16.0134 60.0502
0.52 0.56 0 -139.976 19.8312 49.5781
0.52 0.58 0 -120.823 20.7995 38.999
0.52 0.6 0 -102.089 19.3036 28.9555
0.52 0.62 0 -84.9932 16.7843 20.9803
0.52 0.64 0 -70.092 14.3674 15.3936
0.52 0.66 0 -57.7434 11.6549 10.9264
0.52 0.68 0 -47.5451 9.57177 7.97647
0.52 0.7 0 -39.3342 7.54059 5.65544
0.52 0.72 0 -32.6573 6.10344 4.16144
0.52 0.74 0 -27.2717 4.93255 3.08284
0.52 0.76 0 -22.9169 3.98682 2.30009
0.52 0.78 0 -19.3808 3.22592 1.72817
0.52 0.8 0 -16.4948 2.61421 1.30711
0.52 0.82 0 -14.1129 2.22465 1.0428
0.52 0.84 0 -12.1589 1.8141 0.800337
0.52 0.86 0 -10.5352 1.48136 0.617235
0.52 0.88 0 -9.17078 1.27923 0.50496
0.52 0.9 0 -8.03073 1.05011 0.393793
0.52 0.92 0 -7.06145 0.915418 0.326935
0.52 0.94 0 -6.24231 0.754467 0.257205
0.52 0.96 0 -5.53834 0.663383 0.21632
0.52 0.98 0 -4.93716 0.548089 0.171278
0.54 0 0 -4.32627 -0.978468 0.29354
0.54 0.02 0 -4.83332 -1.10329 0.344779
0.54 0.04 0 -5.41312 -1.2908 0.420912
0.54 0.06 0 -6.0863 -1.51381 0.516073
0.54 0.08 0 -6.87167 -1.78018 0.635778
0.54 0.1 0 -7.79256 -2.09969 0.787384
0.54 0.12 0 -8.87798 -2.48463 0.980775
0.54 0.14 0 -10.1643 -2.95041 1.22934
0.54 0.16 0 -11.6971 -3.51641 1.55136
0.54 0.18 0 -13.5086 -4.30673 2.01878
0.54 0.2 0 -15.7164 -5.16702 2.58351
0.54 0.22 0 -18.3526 -6.35477 3.40434
0.54 0.24 0 -21.5518 -7.82486 4.51434
0.54 0.26 0 -25.5105 -9.46333 5.91458
0.54 0.28 0 -30.2126 -11.8757 8.0971
0.54 0.3 0 -36.0368 -14.5965 10.9474
0.54 0.32 0 -43.0182 -18.1285 15.1071
0.54 0.34 0 -51.6027 -21.9463 20.5746
0.54 0.36 0 -61.6688 -26.505 28.3982
0.54 0.38 0 -73.3729 -31.1438 38.9297
0.54 0.4 0 -86.1326 -35.5022 53.2533
0.54 0.42 0 -99.8874 -37.4867 70.2875
0.54 0.44 0 -113.126 -35.8284 89.571
0.54 0.46 0 -124.683 -28.7185 107.694
0.54 0.48 0 -132.786 -16.1025 120.769
0.54 0.5 0 -135.229 0 126.42
0.54 0.52 0 -132.786 16.1025 120.769
0.54 0.54 0 -124.684 28.7185 107.695
0.54 0.56 0 -113.126 35.8284 89.571
0.54 0.58 0 -99.8875 37.4867 70.2875
0.54 0.6 0 -86.1326 35.5022 53.2533
0.54 0.62 0 -73.3729 31.1438 38.9297
0.54 0.64 0 -61.6688 26.505 28.3982
0.54 0.66 0 -51.6027 21.9463 20.5746
0.54 0.68 0 -43.0182 18.1285 15.1071
0.54 0.7 0 -36.0368 14.5965 10.9474
0.54 0.72 0 -30.2126 11.8758 8.0971
0.54 0.74 0 -25.5105 9.46333 5.91458
0.54 0.76 0 -21.5518 7.82486 4.51434
0.54 0.78 0 -18.3526 6.35477 3.40434
0.54 0.8 0 -15.7164 5.16702 2.58351
0.54 0.82 0 -13.5086 4.30673 2.01878
0.54 0.84 0 -11.6971 3.51641 1.55136
0.54 0.86 0 -10.1643 2.95041 1.22934
0.54 0.88 0 -8.87798 2.48463 0.980775
0.54 0.9 0 -7.79256 2.09969 0.787384
0.54 0.92 0 -6.87168 1.78018 0.635778
0.54 0.94 0 -6.0863 1.51381 0.516073
0.54 0.96 0 -5.41312 1.2908 0.420912
0.54 0.98 0 -4.83332 1.10329 0.344779
0.56 0 0 -4.18762 -1.41993 0.42598
0.56 0.02 0 -4.66277 -1.63615 0.511296
0.56 0.04 0 -5.2102 -1.89079 0.616561
0.56 0.06 0 -5.83106 -2.23725 0.762698
0.56 0.08 0 -6.56518 -2.60038 0.928707
0.56 0.1 0 -7.42236 -3.03326 1.13747
0.56 0.12 0 -8.40723 -3.61621 1.42745
0.56 0.14 0 -9.56391 -4.32127 1.80053
0.56 0.16 0 -10.959 -5.09361 2.24718
0.56 0.18 0 -12.5832 -6.12371 2.87049
0.56 0.2 0 -14.472 -7.49056 3.74528
0.56 0.22 0 -16.7737 -9.04506 4.84557
0.56 0.24 0 -19.4649 -11.089 6.39749
0.56 0.26 0 -22.7663 -13.4279 8.39244
0.56 0.28 0 -26.6289 -16.4522 11.2174
0.56 0.3 0 -31.0952 -20.3116 15.2337
0.56 0.32 0 -36.3381 -24.8874 20.7395
0.56 0.34 0 -42.64 -29.8535 27.9876
0.56 0.36 0 -49.3042 -35.8193 38.3778
0.56 0.38 0 -56.87 -41.3963 51.7453
0.56 0.4 0 -64.769 -45.849 68.7735
0.56 0.42 0 -71.8271 -47.957 89.9193
0.56 0.44 0 -78.2189 -45.099 112.747
0.56 0.46 0 -83.2901 -35.7667 134.125
0.56 0.48 0 -86.4264 -19.9739 149.804
0.56 0.5 0 -88.1071 0 154.949
0.56 0.52 0 -86.4264 19.9739 149.804
0.56 0.54 0 -83.2901 35.7667 134.125
0.56 0.56 0 -78.2189 45.099 112.747
0.56 0.58 0 -71.8271 47.957 89.9193
0.56 0.6 0 -64.7691 45.849 68.7736
0.56 0.62 0 -56.87 41.3963 51.7453
0.56 0.64 0 -49.3042 35.8193 38.3778
0.56 0.66 0 -42.64 29.8535 27.9876
0.56 0.68 0 -36.3381 24.8874 20.7395
0.56 0.7 0 -31.0952 20.3116 15.2337
0.56 0.72 0 -26.6289 16.4522 11.2174
0.56 0.74 0 -22.7663 13.4279 8.39244
0.56 0.76 0 -19.4649 11.089 6.39749
0.56 0.78 0 -16.7737 9.04506 4.84557
0.56 0.8 0 -14.472 7.49056 3.74528
0.56 0.82 0 -12.5832 6.12371 2.87049
0.56 0.84 0 -10.959 5.09361 2.24718
0.56 0.86 0 -9.56391 4.32127 1.80053
0.56 0.88 0 -8.40723 3.61621 1.42745
0.56 0.9 0 -7.42236 3.03326 1.13747
0.56 0.92 0 -6.56519 2.60038 0.928707
0.56 0.94 0 -5.83106 2.23725 0.762698
0.56 0.96 0 -5.2102 1.89079 0.616561
0.56 0.98 0 -4.66277 1.63615 0.511296
0.58 0 0 -4.00048 -1.83632 0.550895
0.58 0.02 0 -4.43059 -2.13657 0.667677
0.58 0.04 0 -4.93603 -2.4513 0.799338
0.58 0.06 0 -5.50194 -2.86532 0.976812
0.58 0.08 0 -6.15338 -3.3569 1.19889
0.58 0.1 0 -6.90612 -3.9427 1.47851
0.58 0.12 0 -7.77919 -4.64323 1.83285
0.58 0.14 0 -8.79564 -5.48383 2.28493
0.58 0.16 0 -9.9833 -6.49565 2.86573
0.58 0.18 0 -11.3288 -7.80583 3.65898
0.58 0.2 0 -12.899 -9.39569 4.69785
0.58 0.22 0 -14.7339 -11.3255 6.06723
0.58 0.24 0 -16.8788 -13.6644 7.88332
0.58 0.26 0 -19.2743 -16.6369 10.3981
0.58 0.28 0 -22.16 -20.0378 13.6622
0.58 0.3 0 -25.1509 -24.4349 18.3261
0.58 0.32 0 -28.6509 -29.3252 24.4377
0.58 0.34 0 -32.206 -35.0067 32.8188
0.58 0.36 0 -35.8314 -40.9697 43.8961
0.58 0.38 0 -38.8372 -46.8254 58.5318
0.58 0.4 0 -41.6113 -50.9246 76.3869
0.58 0.42 0 -43.3524 -51.9232 97.356
0.58 0.44 0 -44.3784 -47.7744 119.436
0.58 0.46 0 -43.8499 -37.403 140.261
0.58 0.48 0 -43.6154 -20.6487 154.865
0.58 0.5 0 -43.1677 0 160.41
0.58 0.52 0 -43.6154 20.6487 154.865
0.58 0.54 0 -43.8499 37.4029 140.261
0.58 0.56 0 -44.3784 47.7744 119.436
0.58 0.58 0 -43.3525 51.9232 97.3561
0.58 0.6 0 -41.6113 50.9246 76.3869
0.58 0.62 0 -38.8372 46.8254 58.5318
0.58 0.64 0 -35.8314 40.9697 43.8961
0.58 0.66 0 -32.206 35.0067 32.8188
0.58 0.68 0 -28.6509 29.3252 24.4377
0.58 0.7 0 -25.1509 24.4349 18.3262
0.58 0.72 0 -22.16 20.0379 13.6622
0.58 0.74 0 -19.2743 16.6369 10.3981
0.58 0.76 0 -16.8788 13.6644 7.88332
0.58 0.78 0 -14.7339 11.3255 6.06723
0.58 0.8 0 -12.899 9.3957 4.69785
0.58 0.82 0 -11.3288 7.80583 3.65898
0.58 0.84 0 -9.9833 6.49565 2.86573
0.58 0.86 0 -8.79565 5.48384 2.28493
0.58 0.88 0 -7.77919 4.64323 1.83285
0.58 0.9 0 -6.90612 3.9427 1.47851
0.58 0.92 0 -6.15339 3.3569 1.19889
0.58 0.94 0 -5.50194 2.86532 0.976812
0.58 0.96 0 -4.93603 2.4513 0.799338
0.58 0.98 0 -4.43059 2.13657 0.667677
0.6 0 0 -3.75711 -2.25147 0.675442
0.6 0.02 0 -4.15817 -2.56212 0.800664
0.6 0.04 0 -4.59904 -2.9621 0.965902
0.6 0.06 0 -5.10101 -3.43257 1.17019
0.6 0.08 0 -5.67425 -3.98779 1.42421
0.6 0.1 0 -6.3308 -4.64518 1.74194
0.6 0.12 0 -7.05267 -5.48377 2.16465
0.6 0.14 0 -7.87661 -6.48569 2.70237
0.6 0.16 0 -8.86435 -7.61261 3.35851
0.6 0.18 0 -9.89476 -9.12385 4.27681
0.6 0.2 0 -11.1251 -10.8499 5.42493
0.6 0.22 0 -12.4465 -13.0229 6.97653
0.6 0.24 0 -13.9229 -15.6265 9.01529
0.6 0.26 0 -15.5554 -18.727 11.7044
0.6 0.28 0 -17.3328 -22.3807 15.2596
0.6 0.3 0 -19.0311 -26.7753 20.0814
0.6 0.32 0 -20.4458 -31.917 26.5975
0.6 0.34 0 -21.8592 -37.2993 34.9681
0.6 0.36 0 -22.5057 -42.9045 45.9691
0.6 0.38 0 -22.3258 -47.8526 59.8157
0.6 0.4 0 -20.9907 -51.0478 76.5716
0.6 0.42 0 -18.8904 -50.8654 95.3727
0.6 0.44 0 -15.4691 -46.0129 115.032
0.6 0.46 0 -11.7704 -35.3946 132.73
0.6 0.48 0 -9.42444 -19.332 144.99
0.6 0.5 0 -8.23764 0 149.557
0.6 0.52 0 -9.42443 19.332 144.99
0.6 0.54 0 -11.7704 35.3945 132.73
0.6 0.56 0 -15.4691 46.0129 115.032
0.6 0.58 0 -18.8904 50.8654 95.3727
0.6 0.6 0 -20.9907 51.0478 76.5717
0.6 0.62 0 -22.3258 47.8526 59.8157
0.6 0.64 0 -22.5057 42.9045 45.9691
0.6 0.66 0 -21.8592 37.2993 34.9681
0.6 0.68 0 -20.4458 31.917 26.5975
0.6 0.7 0 -19.0311 26.7753 20.0815
0.6 0.72 0 -17.3328 22.3807 15.2596
0.6 0.74 0 -15.5554 18.727 11.7044
0.6 0.76 0 -13.9229 15.6265 9.01529
0.6 0.78 0 -12.4465 13.0229 6.97654
0.6 0.8 0 -11.1251 10.8499 5.42493
0.6 0.82 0 -9.89476 9.12385 4.27681
0.6 0.84 0 -8.86435 7.61262 3.35851
0.6 0.86 0 -7.87661 6.48569 2.70237
0.6 0.88 0 -7.05267 5.48377 2.16465
0.6 0.9 0 -6.3308 4.64519 1.74194
0.6 0.92 0 -5.67425 3.98779 1.42421
0.6 0.94 0 -5.10101 3.43257 1.17019
0.6 0.96 0 -4.59904 2.9621 0.965902
0.6 0.98 0 -4.15817 2.56212 0.800664
0.62 0 0 -3.48669 -2.59746 0.779238
0.62 0.02 0 -3.82655 -2.97497 0.929678
0.62 0.04 0 -4.20913 -3.41509 1.11361
0.62 0.06 0 -4.64073 -3.92974 1.33969
0.62 0.08 0 -5.1286 -4.53334 1.61905
0.62 0.1 0 -5.64991 -5.29136 1.98426
0.62 0.12 0 -6.2343 -6.18741 2.4424
0.62 0.14 0 -6.88906 -7.24868 3.02028
0.62 0.16 0 -7.62158 -8.5074 3.75327
0.62 0.18 0 -8.37634 -10.0751 4.7227
0.62 0.2 0 -9.19612 -11.9379 5.96893
0.62 0.22 0 -10.0752 -14.1458 7.57813
0.62 0.24 0 -11.0001 -16.7505 9.66377
0.62 0.26 0 -11.8103 -19.91 12.4438
0.62 0.28 0 -12.5395 -23.5635 16.066
0.62 0.3 0 -12.8972 -27.8333 20.875
0.62 0.32 0 -13.1277 -32.3816 26.9846
0.62 0.34 0 -12.2836 -37.4114 35.0732
0.62 0.36 0 -10.8962 -42.0927 45.0993
0.62 0.38 0 -8.46894 -45.8921 57.3651
0.62 0.4 0 -4.79308 -47.8458 71.7687
0.62 0.42 0 0.220799 -46.7762 87.7053
0.62 0.44 0 5.69735 -41.4689 103.672
0.62 0.46 0 10.1377 -31.3299 117.487
0.62 0.48 0 14.2958 -16.9717 127.288
0.62 0.5 0 15.7975 0 130.797
0.62 0.52 0 14.2958 16.9717 127.288
0.62 0.54 0 10.1377 31.3299 117.487
0.62 0.56 0 5.69735 41.4689 103.672
0.62 0.58 0 0.220802 46.7762 87.7053
0.62 0.6 0 -4.79308 47.8458 71.7688
0.62 0.62 0 -8.46894 45.8921 57.3651
0.62 0.64 0 -10.8962 42.0927 45.0994
0.62 0.66 0 -12.2836 37.4114 35.0732
0.62 0.68 0 -13.1277 32.3816 26.9846
0.62 0.7 0 -12.8972 27.8333 20.875
0.62 0.72 0 -12.5395 23.5635 16.066
0.62 0.74 0 -11.8103 19.91 12.4438
0.62 0.76 0 -11.0001 16.7505 9.66377
0.62 0.78 0 -10.0752 14.1458 7.57813
0.62 0.8 0 -9.19612 11.9379 5.96894
0.62 0.82 0 -8.37634 10.0751 4.7227
0.62 0.84 0 -7.62158 8.50741 3.75327
0.62 0.86 0 -6.88906 7.24868 3.02028
0.62 0.88 0 -6.2343 6.18741 2.4424
0.62 0.9 0 -5.64991 5.29136 1.98426
0.62 0.92 0 -5.12861 4.53334 1.61905
0.62 0.94 0 -4.64073 3.92974 1.33969
0.62 0.96 0 -4.20913 3.41509 1.11362
0.62 0.98 0 -3.82655 2.97497 0.929678
0.64 0 0 -3.20192 -2.87441 0.862324
0.64 0.02 0 -3.47564 -3.30455 1.03267
0.64 0.04 0 -3.79916 -3.77142 1.22981
0.64 0.06 0 -4.13449 -4.35059 1.48316
0.64 0.08 0 -4.53321 -4.98689 1.78103
0.64 0.1 0 -4.94357 -5.77427 2.16535
0.64 0.12 0 -5.35282 -6.74618 2.66296
0.64 0.14 0 -5.83702 -7.8349 3.26454
0.64 0.16 0 -6.30482 -9.17261 4.04674
0.64 0.18 0 -6.78999 -10.7446 5.03655
0.64 0.2 0 -7.28076 -12.5882 6.29412
0.64 0.22 0 -7.75851 -14.7419 7.89745
0.64 0.24 0 -8.07771 -17.327 9.99633
0.64 0.26 0 -8.26622 -20.2977 12.6861
0.64 0.28 0 -8.07803 -23.7552 16.1967
0.64 0.3 0 -7.51489 -27.5699 20.6774
0.64 0.32 0 -6.43095 -31.6222 26.3518
0.64 0.34 0 -4.6535 -35.6755 33.4457
0.64 0.36 0 -1.99682 -39.3309 42.1403
0.64 0.38 0 2.15065 -42.0798 52.5997
0.64 0.4 0 7.07774 -42.9361 64.4042
0.64 0.42 0 12.5089 -41.0485 76.9659
0.64 0.44 0 18.6346 -35.734 89.335
0.64 0.46 0 24.2386 -26.6502 99.9384
0.64 0.48 0 27.7558 -14.2829 107.122
0.64 0.5 0 29.2743 0 109.697
0.64 0.52 0 27.7558 14.2829 107.122
0.64 0.54 0 24.2386 26.6502 99.9384
0.64 0.56 0 18.6346 35.734 89.335
0.64 0.58 0 12.5089 41.0485 76.9659
0.64 0.6 0 7.07774 42.9361 64.4042
0.64 0.62 0 2.15065 42.0798 52.5997
0.64 0.64 0 -1.99682 39.3309 42.1403
0.64 0.66 0 -4.6535 35.6755 33.4458
0.64 0.68 0 -6.43095 31.6222 26.3518
0.64 0.7 0 -7.51489 27.5699 20.6775
0.64 0.72 0 -8.07803 23.7552 16.1967
0.64 0.74 0 -8.26622 20.2977 12.6861
0.64 0.76 0 -8.07771 17.327 9.99633
0.64 0.78 0 -7.75851 14.7419 7.89745
0.64 0.8 0 -7.28076 12.5883 6.29413
0.64 0.82 0 -6.78999 10.7446 5.03655
0.64 0.84 0 -6.30482 9.17261 4.04674
0.64 0.86 0 -5.83702 7.8349 3.26454
0.64 0.88 0 -5.35282 6.74618 2.66296
0.64 0.9 0 -4.94357 5.77427 2.16535
0.64 0.92 0 -4.53321 4.98689 1.78103
0.64 0.94 0 -4.13449 4.35059 1.48316
0.64 0.96 0 -3.79916 3.77142 1.22981
0.64 0.98 0 -3.47564 3.30455 1.03267
0.66 0 0 -2.87805 -3.13633 0.940898
0.66 0.02 0 -3.12 -3.55367 1.11052
0.66 0.04 0 -3.36225 -4.06565 1.32576
0.66 0.06 0 -3.62375 -4.65832 1.58806
0.66 0.08 0 -3.90484 -5.34553 1.90912
0.66 0.1 0 -4.20524 -6.14349 2.30381
0.66 0.12 0 -4.48002 -7.11489 2.80851
0.66 0.14 0 -4.80642 -8.19754 3.41564
0.66 0.16 0 -5.08176 -9.50808 4.19474
0.66 0.18 0 -5.26515 -11.0866 5.19686
0.66 0.2 0 -5.46767 -12.8525 6.42625
0.66 0.22 0 -5.50129 -14.9504 8.00917
0.66 0.24 0 -5.39206 -17.3438 10.006
0.66 0.26 0 -4.9352 -20.1123 12.5702
0.66 0.28 0 -4.31561 -23.0908 15.7437
0.66 0.3 0 -3.10874 -26.3628 19.7721
0.66 0.32 0 -1.33026 -29.7174 24.7645
0.66 0.34 0 1.45801 -32.989 30.9272
0.66 0.36 0 4.84858 -35.6678 38.2155
0.66 0.38 0 9.18714 -37.3259 46.6573
0.66 0.4 0 14.4873 -37.343 56.0144
0.66 0.42 0 20.6295 -35.0707 65.7576
0.66 0.44 0 26.1059 -30.0076 75.019
0.66 0.46 0 31.4463 -22.0787 82.7953
0.66 0.48 0 34.7552 -11.7358 88.0183
0.66 0.5 0 36.1555 0 89.8484
0.66 0.52 0 34.7552 11.7358 88.0183
0.66 0.54 0 31.4463 22.0787 82.7953
0.66 0.56 0 26.1059 30.0076 75.019
0.66 0.58 0 20.6295 35.0707 65.7576
0.66 0.6 0 14.4873 37.343 56.0145
0.66 0.62 0 9.18714 37.3259 46.6573
0.66 0.64 0 4.84858 35.6678 38.2155
0.66 0.66 0 1.45801 32.989 30.9272
0.66 0.68 0 -1.33026 29.7174 24.7645
0.66 0.7 0 -3.10874 26.3628 19.7721
0.66 0.72 0 -4.31561 23.0908 15.7437
0.66 0.74 0 -4.9352 20.1123 12.5702
0.66 0.76 0 -5.39206 17.3438 10.006
0.66 0.78 0 -5.50129 14.9504 8.00917
0.66 0.8 0 -5.46767 12.8525 6.42626
0.66 0.82 0 -5.26515 11.0866 5.19686
0.66 0.84 0 -5.08176 9.50808 4.19474
0.66 0.86 0 -4.80642 8.19755 3.41564
0.66 0.88 0 -4.48002 7.11489 2.80851
0.66 0.9 0 -4.20524 6.1435 2.30381
0.66 0.92 0 -3.90484 5.34553 1.90912
0.66 0.94 0 -3.62375 4.65832 1.58806
0.66 0.96 0 -3.36225 4.06565 1.32576
0.66 0.98 0 -3.12 3.55367 1.11052
0.68 0 0 -2.55631 -3.32874 0.998621
0.68 0.02 0 -2.72763 -3.77953 1.1811
0.68 0.04 0 -2.90836 -4.29703 1.40121
0.68 0.06 0 -3.09757 -4.89194 1.66771
0.68 0.08 0 -3.29358 -5.57661 1.99165
0.68 0.1 0 -3.45424 -6.40122 2.40046
0.68 0.12 0 -3.64814 -7.31281 2.88664
0.68 0.14 0 -3.78164 -8.40454 3.50189
0.68 0.16 0 -3.88154 -9.66015 4.26183
0.68 0.18 0 -3.85729 -11.1484 5.2258
0.68 0.2 0 -3.73362 -12.8461 6.42304
0.68 0.22 0 -3.47338 -14.768 7.91142
0.68 0.24 0 -3.02918 -16.9198 9.76144
0.68 0.26 0 -2.19796 -19.3483 12.0927
0.68 0.28 0 -0.998967 -21.9594 14.9723
0.68 0.3 0 0.664372 -24.671 18.5033
0.68 0.32 0 2.89738 -27.3419 22.7849
0.68 0.34 0 5.80394 -29.7524 27.8929
0.68 0.36 0 9.46872 -31.5904 33.8468
0.68 0.38 0 13.9308 -32.4511 40.5638
0.68 0.4 0 19.1501 -31.8682 47.8023
0.68 0.42 0 24.4893 -29.4071 55.1383
0.68 0.44 0 30.0498 -24.7764 61.941
0.68 0.46 0 34.2988 -18.021 67.5786
0.68 0.48 0 37.2233 -9.50726 71.3044
0.68 0.5 0 38.4486 0 72.5742
0.68 0.52 0 37.2233 9.50725 71.3044
0.68 0.54 0 34.2988 18.021 67.5787
0.68 0.56 0 30.0498 24.7764 61.941
0.68 0.58 0 24.4893 29.4071 55.1383
0.68 0.6 0 19.1501 31.8682 47.8023
0.68 0.62 0 13.9308 32.4511 40.5638
0.68 0.64 0 9.46872 31.5904 33.8468
0.68 0.66 0 5.80394 29.7524 27.8929
0.68 0.68 0 2.89738 27.3419 22.7849
0.68 0.7 0 0.664373 24.6711 18.5033
0.68 0.72 0 -0.998967 21.9594 14.9723
0.68 0.74 0 -2.19796 19.3483 12.0927
0.68 0.76 0 -3.02918 16.9198 9.76144
0.68 0.78 0 -3.47339 14.768 7.91143
0.68 0.8 0 -3.73362 12.8461 6.42304
0.68 0.82 0 -3.85729 11.1484 5.2258
0.68 0.84 0 -3.88154 9.66015 4.26183
0.68 0.86 0 -3.78164 8.40455 3.50189
0.68 0.88 0 -3.64814 7.31281 2.88664
0.68 0.9 0 -3.45424 6.40122 2.40046
0.68 0.92 0 -3.29358 5.57661 1.99165
0.68 0.94 0 -3.09757 4.89194 1.66771
0.68 0.96 0 -2.90837 4.29703 1.40121
0.68 0.98 0 -2.72763 3.77953 1.1811
0.7 0 0 -2.22605 -3.4792 1.04376
0.7 0.02 0 -2.34912 -3.92851 1.22766
0.7 0.04 0 -2.47384 -4.44097 1.44814
0.7 0.06 0 -2.59796 -5.02598 1.7134
0.7 0.08 0 -2.68287 -5.72391 2.04425
0.7 0.1 0 -2.78974 -6.48946 2.43355
0.7 0.12 0 -2.83447 -7.39758 2.9201
0.7 0.14 0 -2.78634 -8.46912 3.5288
0.7 0.16 0 -2.73151 -9.64814 4.25653
0.7 0.18 0 -2.52912 -11.0228 5.16694
0.7 0.2 0 -2.20436 -12.5672 6.28361
0.7 0.22 0 -1.72029 -14.2859 7.65315
0.7 0.24 0 -1.03173 -16.1732 9.3307
0.7 0.26 0 0.0553623 -18.2495 11.4059
0.7 0.28 0 1.51058 -20.4212 13.9236
0.7 0.3 0 3.41225 -22.6017 16.9513
0.7 0.32 0 5.8397 -24.6556 20.5464
0.7 0.34 0 8.86301 -26.3887 24.7394
0.7 0.36 0 12.5274 -27.5421 29.5094
0.7 0.38 0 16.8329 -27.8009 34.7511
0.7 0.4 0 21.325 -26.8496 40.2743
0.7 0.42 0 26.1476 -24.3906 45.7325
0.7 0.44 0 30.5928 -20.2906 50.7266
0.7 0.46 0 34.2526 -14.6065 54.7742
0.7 0.48 0 36.7431 -7.65378 57.4033
0.7 0.5 0 37.2646 0 58.422
0.7 0.52 0 36.7431 7.65377 57.4033
0.7 0.54 0 34.2526 14.6064 54.7742
0.7 0.56 0 30.5928 20.2906 50.7266
0.7 0.58 0 26.1476 24.3906 45.7325
0.7 0.6 0 21.325 26.8496 40.2744
0.7 0.62 0 16.8329 27.8009 34.7511
0.7 0.64 0 12.5275 27.5421 29.5094
0.7 0.66 0 8.86301 26.3887 24.7394
0.7 0.68 0 5.8397 24.6556 20.5464
0.7 0.7 0 3.41225 22.6017 16.9513
0.7 0.72 0 1.51058 20.4212 13.9236
0.7 0.74 0 0.0553623 18.2495 11.4059
0.7 0.76 0 -1.03173 16.1732 9.3307
0.7 0.78 0 -1.72029 14.2859 7.65315
0.7 0.8 0 -2.20436 12.5672 6.28361
0.7 0.82 0 -2.52912 11.0228 5.16694
0.7 0.84 0 -2.73151 9.64814 4.25653
0.7 0.86 0 -2.78634 8.46912 3.5288
0.7 0.88 0 -2.83447 7.39758 2.9201
0.7 0.9 0 -2.78974 6.48947 2.43355
0.7 0.92 0 -2.68287 5.72391 2.04425
0.7 0.94 0 -2.59796 5.02598 1.7134
0.7 0.96 0 -2.47384 4.44097 1.44814
0.7 0.98 0 -2.34912 3.92851 1.22766
0.72 0 0 -1.89281 -3.58876 1.07663
0.72 0.02 0 -1.97003 -4.03046 1.25952
0.72 0.04 0 -2.04212 -4.53086 1.47745
0.72 0.06 0 -2.10581 -5.09795 1.73794
0.72 0.08 0 -2.12051 -5.76691 2.05961
0.72 0.1 0 -2.10642 -6.52439 2.44665
0.72 0.12 0 -2.05377 -7.38066 2.91342
0.72 0.14 0 -1.95019 -8.34607 3.47753
0.72 0.16 0 -1.71625 -9.46244 4.17461
0.72 0.18 0 -1.37652 -10.7076 5.01917
0.72 0.2 0 -0.902466 -12.0847 6.04236
0.72 0.22 0 -0.259742 -13.5905 7.28063
0.72 0.24 0 0.592024 -15.2113 8.77576
0.72 0.26 0 1.83355 -16.9472 10.592
0.72 0.28 0 3.42319 -18.7101 12.7569
0.72 0.3 0 5.42093 -20.4149 15.3112
0.72 0.32 0 7.88261 -21.9388 18.2823
0.72 0.34 0 10.8508 -23.1159 21.6711
0.72 0.36 0 14.0703 -23.7518 25.4484
0.72 0.38 0 18.0264 -23.5945 29.4932
0.72 0.4 0 22.0605 -22.4439 33.6658
0.72 0.42 0 25.9282 -20.137 37.7568
0.72 0.44 0 29.7392 -16.5484 41.3711
0.72 0.46 0 32.8342 -11.7985 44.2444
0.72 0.48 0 34.4844 -6.16574 46.243
0.72 0.5 0 35.3495 0 46.8256
0.72 0.52 0 34.4844 6.16573 46.243
0.72 0.54 0 32.8342 11.7985 44.2444
0.72 0.56 0 29.7392 16.5484 41.3711
0.72 0.58 0 25.9282 20.137 37.7568
0.72 0.6 0 22.0605 22.4439 33.6658
0.72 0.62 0 18.0264 23.5945 29.4932
0.72 0.64 0 14.0703 23.7518 25.4484
0.72 0.66 0 10.8508 23.1159 21.6711
0.72 0.68 0 7.88261 21.9388 18.2823
0.72 0.7 0 5.42093 20.4149 15.3112
0.72 0.72 0 3.42319 18.7101 12.7569
0.72 0.74 0 1.83355 16.9472 10.592
0.72 0.76 0 0.592024 15.2113 8.77576
0.72 0.78 0 -0.259741 13.5905 7.28064
0.72 0.8 0 -0.902466 12.0847 6.04236
0.72 0.82 0 -1.37652 10.7076 5.01917
0.72 0.84 0 -1.71625 9.46245 4.17461
0.72 0.86 0 -1.95019 8.34607 3.47753
0.72 0.88 0 -2.05377 7.38066 2.91342
0.72 0.9 0 -2.10642 6.52439 2.44665
0.72 0.92 0 -2.12051 5.76691 2.05961
0.72 0.94 0 -2.10581 5.09795 1.73794
0.72 0.96 0 -2.04212 4.53086 1.47745
0.72 0.98 0 -1.97003 4.03046 1.25952
0.74 0 0 -1.58392 -3.64101 1.0923
0.74 0.02 0 -1.62132 -4.06863 1.27145
0.74 0.04 0 -1.6197 -4.57041 1.49035
0.74 0.06 0 -1.62847 -5.11298 1.74306
0.74 0.08 0 -1.58056 -5.7458 2.05207
0.74 0.1 0 -1.49629 -6.45571 2.42089
0.74 0.12 0 -1.3655 -7.25009 2.86188
0.74 0.14 0 -1.12041 -8.16147 3.40061
0.74 0.16 0 -0.848218 -9.14469 4.03442
0.74 0.18 0 -0.409283 -10.254 4.80655
0.74 0.2 0 0.16723 -11.4615 5.73073
0.74 0.22 0 0.911658 -12.7582 6.83473
0.74 0.24 0 1.9697 -14.1468 8.16163
0.74 0.26 0 3.17269 -15.5482 9.71761
0.74 0.28 0 4.80335 -16.9476 11.5552
0.74 0.3 0 6.79392 -18.2442 13.6832
0.74 0.32 0 8.98901 -19.3344 16.112
0.74 0.34 0 11.769 -20.0837 18.8284
0.74 0.36 0 14.964 -20.323 21.7747
0.74 0.38 0 18.2656 -19.9146 24.8933
0.74 0.4 0 21.5123 -18.7252 28.0878
0.74 0.42 0 25.1516 -16.542 31.0162
0.74 0.44 0 28.0526 -13.4846 33.7115
0.74 0.46 0 30.2792 -9.5706 35.8897
0.74 0.48 0 32.0031 -4.95538 37.1653
0.74 0.5 0 32.3456 0 37.7281
0.74 0.52 0 32.0031 4.95537 37.1653
0.74 0.54 0 30.2792 9.57059 35.8897
0.74 0.56 0 28.0526 13.4846 33.7115
0.74 0.58 0 25.1516 16.542 31.0162
0.74 0.6 0 21.5123 18.7252 28.0878
0.74 0.62 0 18.2656 19.9146 24.8933
0.74 0.64 0 14.964 20.323 21.7747
0.74 0.66 0 11.769 20.0837 18.8284
0.74 0.68 0 8.98901 19.3344 16.112
0.74 0.7 0 6.79392 18.2442 13.6832
0.74 0.72 0 4.80335 16.9476 11.5552
0.74 0.74 0 3.17269 15.5482 9.71761
0.74 0.76 0 1.9697 14.1468 8.16163
0.74 0.78 0 0.911658 12.7582 6.83473
0.74 0.8 0 0.167231 11.4615 5.73074
0.74 0.82 0 -0.409283 10.254 4.80655
0.74 0.84 0 -0.848218 9.14469 4.03442
0.74 0.86 0 -1.12041 8.16147 3.40061
0.74 0.88 0 -1.3655 7.25009 2.86188
0.74 0.9 0 -1.49629 6.45571 2.42089
0.74 0.92 0 -1.58056 5.74581 2.05207
0.74 0.94 0 -1.62847 5.11298 1.74306
0.74 0.96 0 -1.6197 4.57041 1.49035
0.74 0.98 0 -1.62132 4.06864 1.27145
0.76 0 0 -1.28237 -3.66049 1.09815
0.76 0.02 0 -1.28349 -4.07011 1.27191
0.76 0.04 0 -1.24094 -4.546 1.48239
0.76 0.06 0 -1.17182 -5.07694 1.73078
0.76 0.08 0 -1.10636 -5.64859 2.01735
0.76 0.1 0 -0.967069 -6.30498 2.36437
0.76 0.12 0 -0.728819 -7.05277 2.78399
0.76 0.14 0 -0.468686 -7.85463 3.27276
0.76 0.16 0 -0.0680636 -8.75379 3.86196
0.76 0.18 0 0.445194 -9.72779 4.5599
0.76 0.2 0 1.0941 -10.7703 5.38517
0.76 0.22 0 1.90454 -11.8687 6.35821
0.76 0.24 0 2.90474 -13.001 7.5006
0.76 0.26 0 4.24474 -14.1424 8.83901
0.76 0.28 0 5.72835 -15.2215 10.3783
0.76 0.3 0 7.64185 -16.1793 12.1345
0.76 0.32 0 9.71108 -16.9303 14.1086
0.76 0.34 0 12.2733 -17.3445 16.2605
0.76 0.36 0 14.9413 -17.3372 18.5756
0.76 0.38 0 17.8483 -16.7656 20.9569
0.76 0.4 0 20.6588 -15.571 23.3564
0.76 0.42 0 23.4903 -13.6364 25.5682
0.76 0.44 0 25.9176 -11.0102 27.5256
0.76 0.46 0 27.7606 -7.75828 29.0935
0.76 0.48 0 29.1883 -3.99458 29.9594
0.76 0.5 0 29.463 0 30.3807
0.76 0.52 0 29.1883 3.99458 29.9594
0.76 0.54 0 27.7606 7.75827 29.0935
0.76 0.56 0 25.9176 11.0102 27.5256
0.76 0.58 0 23.4903 13.6364 25.5682
0.76 0.6 0 20.6588 15.571 23.3564
0.76 0.62 0 17.8483 16.7656 20.9569
0.76 0.64 0 14.9413 17.3372 18.5756
0.76 0.66 0 12.2733 17.3445 16.2605
0.76 0.68 0 9.71108 16.9303 14.1086
0.76 0.7 0 7.64185 16.1793 12.1345
0.76 0.72 0 5.72835 15.2215 10.3783
0.76 0.74 0 4.24474 14.1424 8.83901
0.76 0.76 0 2.90474 13.001 7.5006
0.76 0.78 0 1.90454 11.8687 6.35822
0.76 0.8 0 1.0941 10.7703 5.38517
0.76 0.82 0 0.445194 9.72779 4.5599
0.76 0.84 0 -0.0680634 8.75379 3.86197
0.76 0.86 0 -0.468686 7.85463 3.27276
0.76 0.88 0 -0.728819 7.05277 2.78399
0.76 0.9 0 -0.967069 6.30498 2.36437
0.76 0.92 0 -1.10636 5.64859 2.01735
0.76 0.94 0 -1.17182 5.07694 1.73078
0.76 0.96 0 -1.24094 4.546 1.48239
0.76 0.98 0 -1.28349 4.07011 1.27191
0.78 0 0 -0.99128 -3.65005 1.09502
0.78 0.02 0 -0.959937 -4.03855 1.26205
0.78 0.04 0 -0.881424 -4.4854 1.46263
0.78 0.06 0 -0.805785 -4.96355 1.69212
0.78 0.08 0 -0.66505 -5.50902 1.96751
0.78 0.1 0 -0.43856 -6.12633 2.29737
0.78 0.12 0 -0.194679 -6.7844 2.67805
0.78 0.14 0 0.114693 -7.50141 3.12559
0.78 0.16 0 0.562941 -8.29281 3.65859
0.78 0.18 0 1.12053 -9.13714 4.28303
0.78 0.2 0 1.80708 -10.0254 5.01272
0.78 0.22 0 2.64393 -10.9428 5.86221
0.78 0.24 0 3.65347 -11.8665 6.84604
0.78 0.26 0 4.85794 -12.7639 7.97745
0.78 0.28 0 6.40464 -13.585 9.26253
0.78 0.3 0 8.0705 -14.2752 10.7064
0.78 0.32 0 9.976 -14.7624 12.302
0.78 0.34 0 12.1167 -14.9611 14.026
0.78 0.36 0 14.472 -14.7767 15.8322
0.78 0.38 0 17.0009 -14.1158 17.6447
0.78 0.4 0 19.4098 -12.9614 19.4421
0.78 0.42 0 21.5653 -11.2857 21.1608
0.78 0.44 0 23.5872 -9.03335 22.5834
0.78 0.46 0 25.1079 -6.32368 23.7138
0.78 0.48 0 26.0136 -3.26309 24.4731
0.78 0.5 0 26.5083 0 24.6112
0.78 0.52 0 26.0136 3.26308 24.4731
0.78 0.54 0 25.1079 6.32367 23.7138
0.78 0.56 0 23.5872 9.03335 22.5834
0.78 0.58 0 21.5653 11.2857 21.1608
0.78 0.6 0 19.4099 12.9614 19.4421
0.78 0.62 0 17.0009 14.1158 17.6447
0.78 0.64 0 14.472 14.7767 15.8322
0.78 0.66 0 12.1167 14.9611 14.026
0.78 0.68 0 9.976 14.7624 12.302
0.78 0.7 0 8.07051 14.2752 10.7064
0.78 0.72 0 6.40464 13.585 9.26253
0.78 0.74 0 4.85794 12.7639 7.97745
0.78 0.76 0 3.65347 11.8665 6.84604
0.78 0.78 0 2.64393 10.9428 5.86221
0.78 0.8 0 1.80708 10.0254 5.01272
0.78 0.82 0 1.12053 9.13714 4.28303
0.78 0.84 0 0.562942 8.29281 3.65859
0.78 0.86 0 0.114693 7.50142 3.12559
0.78 0.88 0 -0.194679 6.7844 2.67805
0.78 0.9 0 -0.43856 6.12633 2.29737
0.78 0.92 0 -0.66505 5.50902 1.96751
0.78 0.94 0 -0.805785 4.96355 1.69212
0.78 0.96 0 -0.881424 4.4854 1.46263
0.78 0.98 0 -0.959937 4.03855 1.26205
0.8 0 0 -0.736294 -3.59993 1.07998
0.8 0.02 0 -0.65324 -3.97782 1.24307
0.8 0.04 0 -0.572693 -4.37986 1.42822
0.8 0.06 0 -0.434763 -4.83569 1.64853
0.8 0.08 0 -0.258811 -5.33446 1.90516
0.8 0.1 0 -0.0372746 -5.87802 2.20426
0.8 0.12 0 0.238619 -6.46735 2.5529
0.8 0.14 0 0.630678 -7.11474 2.96448
0.8 0.16 0 1.11158 -7.80294 3.44247
0.8 0.18 0 1.63052 -8.51579 3.99178
0.8 0.2 0 2.32712 -9.26438 4.63219
0.8 0.22 0 3.1601 -10.0215 5.36868
0.8 0.24 0 4.14668 -10.7648 6.21049
0.8 0.26 0 5.30304 -11.4639 7.16495
0.8 0.28 0 6.6427 -12.079 8.2357
0.8 0.3 0 8.30489 -12.5408 9.40562
0.8 0.32 0 10.044 -12.8199 10.6833
0.8 0.34 0 11.8091 -12.8744 12.0697
0.8 0.36 0 13.8812 -12.5675 13.4652
0.8 0.38 0 15.89 -11.916 14.8951
0.8 0.4 0 17.9417 -10.8284 16.2425
0.8 0.42 0 19.7553 -9.34228 17.5168
0.8 0.44 0 21.4468 -7.4128 18.532
0.8 0.46 0 22.7083 -5.15493 19.331
0.8 0.48 0 23.4538 -2.64951 19.8713
0.8 0.5 0 23.6284 0 20.1182
0.8 0.52 0 23.4538 2.64951 19.8713
0.8 0.54 0 22.7083 5.15492 19.331
0.8 0.56 0 21.4468 7.4128 18.532
0.8 0.58 0 19.7553 9.34227 17.5168
0.8 0.6 0 17.9417 10.8284 16.2426
0.8 0.62 0 15.89 11.916 14.8951
0.8 0.64 0 13.8813 12.5675 13.4652
0.8 0.66 0 11.8091 12.8744 12.0697
0.8 0.68 0 10.044 12.8199 10.6833
0.8 0.7 0 8.3049 12.5408 9.40563
0.8 0.72 0 6.6427 12.079 8.2357
0.8 0.74 0 5.30304 11.4639 7.16495
0.8 0.76 0 4.14668 10.7648 6.21049
0.8 0.78 0 3.1601 10.0215 5.36868
0.8 0.8 0 2.32712 9.26438 4.63219
0.8 0.82 0 1.63052 8.51579 3.99178
0.8 0.84 0 1.11158 7.80294 3.44247
0.8 0.86 0 0.630678 7.11474 2.96448
0.8 0.88 0 0.238619 6.46735 2.5529
0.8 0.9 0 -0.0372745 5.87802 2.20426
0.8 0.92 0 -0.258811 5.33446 1.90516
0.8 0.94 0 -0.434763 4.83569 1.64853
0.8 0.96 0 -0.572693 4.37986 1.42822
0.8 0.98 0 -0.65324 3.97782 1.24307
0.82 0 0 -0.496081 -3.52952 1.05886
0.82 0.02 0 -0.390986 -3.88046 1.21264
0.82 0.04 0 -0.286952 -4.25193 1.3865
0.82 0.06 0 -0.124846 -4.66868 1.5916
0.82 0.08 0 0.0757055 -5.12054 1.82877
0.82 0.1 0 0.321616 -5.60814 2.10305
0.82 0.12 0 0.665399 -6.14126 2.42418
0.82 0.14 0 1.03186 -6.69679 2.79033
0.82 0.16 0 1.5267 -7.28947 3.21594
0.82 0.18 0 2.05507 -7.89596 3.70123
0.82 0.2 0 2.74819 -8.51857 4.25929
0.82 0.22 0 3.56348 -9.13393 4.89318
0.82 0.24 0 4.51381 -9.72071 5.6081
0.82 0.26 0 5.6105 -10.2512 6.407
0.82 0.28 0 6.86196 -10.6906 7.28906
0.82 0.3 0 8.272 -10.9969 8.2477
0.82 0.32 0 9.70695 -11.154 9.29498
0.82 0.34 0 11.405 -11.0527 10.3619
0.82 0.36 0 13.0704 -10.7133 11.4786
0.82 0.38 0 14.801 -10.0549 12.5686
0.82 0.4 0 16.3752 -9.10313 13.6547
0.82 0.42 0 17.8973 -7.78999 14.6062
0.82 0.44 0 19.3112 -6.13264 15.3316
0.82 0.46 0 20.1563 -4.28082 16.0531
0.82 0.48 0 20.9718 -2.17118 16.2839
0.82 0.5 0 21.1118 0 16.4748
0.82 0.52 0 20.9718 2.17118 16.2839
0.82 0.54 0 20.1563 4.28082 16.0531
0.82 0.56 0 19.3112 6.13264 15.3316
0.82 0.58 0 17.8973 7.78999 14.6062
0.82 0.6 0 16.3752 9.10313 13.6547
0.82 0.62 0 14.801 10.0549 12.5686
0.82 0.64 0 13.0704 10.7133 11.4786
0.82 0.66 0 11.405 11.0527 10.3619
0.82 0.68 0 9.70695 11.154 9.29498
0.82 0.7 0 8.272 10.9969 8.2477
0.82 0.72 0 6.86196 10.6906 7.28906
0.82 0.74 0 5.6105 10.2512 6.407
0.82 0.76 0 4.51381 9.72071 5.6081
0.82 0.78 0 3.56348 9.13393 4.89318
0.82 0.8 0 2.74819 8.51857 4.25929
0.82 0.82 0 2.05507 7.89596 3.70123
0.82 0.84 0 1.5267 7.28948 3.21595
0.82 0.86 0 1.03186 6.69679 2.79033
0.82 0.88 0 0.665399 6.14126 2.42418
0.82 0.9 0 0.321616 5.60814 2.10305
0.82 0.92 0 0.0757058 5.12055 1.82877
0.82 0.94 0 -0.124846 4.66868 1.5916
0.82 0.96 0 -0.286952 4.25193 1.3865
0.82 0.98 0 -0.390986 3.88046 1.21264
0.84 0 0 -0.271622 -3.44176 1.03253
0.84 0.02 0 -0.148111 -3.76521 1.17663
0.84 0.04 0 -0.0247343 -4.10581 1.33885
0.84 0.06 0 0.156559 -4.48377 1.52856
0.84 0.08 0 0.375916 -4.88975 1.74634
0.84 0.1 0 0.63954 -5.32336 1.99626
0.84 0.12 0 0.954348 -5.78318 2.28283
0.84 0.14 0 1.37593 -6.27249 2.61354
0.84 0.16 0 1.82185 -6.77302 2.9881
0.84 0.18 0 2.40332 -7.28716 3.41586
0.84 0.2 0 3.0167 -7.79842 3.89921
0.84 0.22 0 3.79721 -8.29322 4.4428
0.84 0.24 0 4.69474 -8.74987 5.04801
0.84 0.26 0 5.71685 -9.14366 5.71479
0.84 0.28 0 6.76927 -9.46515 6.45351
0.84 0.3 0 8.04068 -9.64519 7.23389
0.84 0.32 0 9.31795 -9.69392 8.07827
0.84 0.34 0 10.8154 -9.50781 8.91358
0.84 0.36 0 12.2661 -9.12523 9.77703
0.84 0.38 0 13.6124 -8.53347 10.6668
0.84 0.4 0 14.9477 -7.66241 11.4936
0.84 0.42 0 16.2316 -6.50364 12.1943
0.84 0.44 0 17.25 -5.13121 12.828
0.84 0.46 0 18.1193 -3.52887 13.2333
0.84 0.48 0 18.6257 -1.80197 13.5148
0.84 0.5 0 18.738 0 13.6663
0.84 0.52 0 18.6257 1.80197 13.5148
0.84 0.54 0 18.1193 3.52887 13.2333
0.84 0.56 0 17.25 5.13121 12.828
0.84 0.58 0 16.2316 6.50364 12.1943
0.84 0.6 0 14.9477 7.6624 11.4936
0.84 0.62 0 13.6124 8.53347 10.6668
0.84 0.64 0 12.2662 9.12522 9.77703
0.84 0.66 0 10.8154 9.50781 8.91358
0.84 0.68 0 9.31795 9.69392 8.07827
0.84 0.7 0 8.04068 9.64519 7.23389
0.84 0.72 0 6.76927 9.46515 6.45351
0.84 0.74 0 5.71685 9.14366 5.71479
0.84 0.76 0 4.69474 8.74987 5.04801
0.84 0.78 0 3.79721 8.29322 4.4428
0.84 0.8 0 3.0167 7.79843 3.89921
0.84 0.82 0 2.40332 7.28716 3.41586
0.84 0.84 0 1.82185 6.77302 2.9881
0.84 0.86 0 1.37593 6.27249 2.61354
0.84 0.88 0 0.954348 5.78318 2.28283
0.84 0.9 0 0.63954 5.32336 1.99626
0.84 0.92 0 0.375916 4.88975 1.74634
0.84 0.94 0 0.156559 4.48377 1.52856
0.84 0.96 0 -0.0247342 4.10581 1.33885
0.84 0.98 0 -0.148111 3.76521 1.17663
0.86 0 0 -0.0860115 -3.33132 0.999395
0.86 0.02 0 0.0501308 -3.62738 1.13356
0.86 0.04 0 0.213992 -3.94537 1.28653
0.86 0.06 0 0.409977 -4.28545 1.46095
0.86 0.08 0 0.643021 -4.64719 1.65971
0.86 0.1 0 0.9186 -5.02942 1.88603
0.86 0.12 0 1.2427 -5.42999 2.14342
0.86 0.14 0 1.62175 -5.84543 2.4356
0.86 0.16 0 2.0625 -6.27068 2.76648
0.86 0.18 0 2.62804 -6.69762 3.13951
0.86 0.2 0 3.2185 -7.11586 3.55793
0.86 0.22 0 3.95941 -7.50652 4.02135
0.86 0.24 0 4.80111 -7.85275 4.53044
0.86 0.26 0 5.66539 -8.15026 5.09391
0.86 0.28 0 6.62161 -8.36779 5.70531
0.86 0.3 0 7.76558 -8.44861 6.33646
0.86 0.32 0 8.90131 -8.41533 7.01277
0.86 0.34 0 10.107 -8.21355 7.7002
0.86 0.36 0 11.3645 -7.81361 8.37173
0.86 0.38 0 12.5186 -7.2476 9.0595
0.86 0.4 0 13.6562 -6.4541 9.68115
0.86 0.42 0 14.7452 -5.43212 10.1852
0.86 0.44 0 15.6015 -4.25636 10.6409
0.86 0.46 0 16.1795 -2.94634 11.0488
0.86 0.48 0 16.6004 -1.49993 11.2495
0.86 0.5 0 16.6911 0 11.3701
0.86 0.52 0 16.6004 1.49993 11.2495
0.86 0.54 0 16.1795 2.94634 11.0488
0.86 0.56 0 15.6015 4.25636 10.6409
0.86 0.58 0 14.7452 5.43211 10.1852
0.86 0.6 0 13.6562 6.4541 9.68115
0.86 0.62 0 12.5186 7.2476 9.0595
0.86 0.64 0 11.3645 7.81361 8.37173
0.86 0.66 0 10.107 8.21355 7.7002
0.86 0.68 0 8.90131 8.41533 7.01277
0.86 0.7 0 7.76558 8.44861 6.33646
0.86 0.72 0 6.62161 8.36779 5.70531
0.86 0.74 0 5.66539 8.15026 5.09391
0.86 0.76 0 4.80111 7.85275 4.53044
0.86 0.78 0 3.95941 7.50652 4.02135
0.86 0.8 0 3.2185 7.11586 3.55793
0.86 0.82 0 2.62804 6.69762 3.13951
0.86 0.84 0 2.0625 6.27068 2.76648
0.86 0.86 0 1.62175 5.84543 2.4356
0.86 0.88 0 1.2427 5.42999 2.14342
0.86 0.9 0 0.9186 5.02942 1.88603
0.86 0.92 0 0.643022 4.64719 1.65971
0.86 0.94 0 0.409977 4.28545 1.46095
0.86 0.96 0 0.213992 3.94537 1.28653
0.86 0.98 0 0.0501309 3.62738 1.13356
0.88 0 0 0.106023 -3.21858 0.965573
0.88 0.02 0 0.229838 -3.48107 1.08783
0.88 0.04 0 0.402801 -3.76798 1.22869
0.88 0.06 0 0.606728 -4.0721 1.38822
0.88 0.08 0 0.845967 -4.39247 1.56874
0.88 0.1 0 1.12525 -4.72738 1.77277
0.88 0.12 0 1.44967 -5.07419 2.00297
0.88 0.14 0 1.82455 -5.42905 2.2621
0.88 0.16 0 2.25536 -5.78669 2.55295
0.88 0.18 0 2.80051 -6.13644 2.87646
0.88 0.2 0 3.3642 -6.47347 3.23674
0.88 0.22 0 3.99903 -6.78512 3.63488
0.88 0.24 0 4.77807 -7.04258 4.06303
0.88 0.26 0 5.56941 -7.25329 4.53331
0.88 0.28 0 6.43618 -7.3871 5.03666
0.88 0.3 0 7.37465 -7.42179 5.56635
0.88 0.32 0 8.3775 -7.3334 6.11116
0.88 0.34 0 9.43335 -7.09766 6.65405
0.88 0.36 0 10.4161 -6.7426 7.22421
0.88 0.38 0 11.5195 -6.15684 7.69604
0.88 0.4 0 12.3708 -5.49248 8.23871
0.88 0.42 0 13.2942 -4.58953 8.60536
0.88 0.44 0 14.0146 -3.57522 8.93806
0.88 0.46 0 14.4963 -2.46532 9.24494
0.88 0.48 0 14.8489 -1.25105 9.38288
0.88 0.5 0 14.9227 0 9.47889
0.88 0.52 0 14.8489 1.25105 9.38288
0.88 0.54 0 14.4963 2.46531 9.24494
0.88 0.56 0 14.0146 3.57522 8.93806
0.88 0.58 0 13.2942 4.58953 8.60536
0.88 0.6 0 12.3708 5.49248 8.23872
0.88 0.62 0 11.5195 6.15684 7.69604
0.88 0.64 0 10.4161 6.7426 7.22421
0.88 0.66 0 9.43335 7.09766 6.65405
0.88 0.68 0 8.3775 7.3334 6.11116
0.88 0.7 0 7.37465 7.42179 5.56635
0.88 0.72 0 6.43618 7.38711 5.03666
0.88 0.74 0 5.56941 7.25329 4.53331
0.88 0.76 0 4.77807 7.04258 4.06303
0.88 0.78 0 3.99903 6.78512 3.63488
0.88 0.8 0 3.36421 6.47347 3.23674
0.88 0.82 0 2.80051 6.13644 2.87646
0.88 0.84 0 2.25536 5.78669 2.55295
0.88 0.86 0 1.82455 5.42905 2.2621
0.88 0.88 0 1.44967 5.07419 2.00297
0.88 0.9 0 1.12525 4.72738 1.77277
0.88 0.92 0 0.845968 4.39247 1.56874
0.88 0.94 0 0.606728 4.0721 1.38822
0.88 0.96 0 0.402801 3.76798 1.22869
0.88 0.98 0 0.229838 3.48107 1.08783
0.9 0 0 0.26007 -3.09083 0.927248
0.9 0.02 0 0.391634 -3.32873 1.04023
0.9 0.04 0 0.570888 -3.58592 1.16932
0.9 0.06 0 0.779671 -3.85604 1.31456
0.9 0.08 0 0.99032 -4.13455 1.47663
0.9 0.1 0 1.26669 -4.4268 1.66005
0.9 0.12 0 1.58438 -4.72584 1.86546
0.9 0.14 0 1.98934 -5.0266 2.09441
0.9 0.16 0 2.40672 -5.3239 2.34878
0.9 0.18 0 2.87859 -5.61159 2.63043
0.9 0.2 0 3.40864 -5.88115 2.94057
0.9 0.22 0 3.99982 -6.12214 3.27972
0.9 0.24 0 4.65396 -6.32206 3.64734
0.9 0.26 0 5.4415 -6.44499 4.02812
0.9 0.28 0 6.22612 -6.51161 4.43974
0.9 0.3 0 6.98664 -6.51941 4.88956
0.9 0.32 0 7.87329 -6.39076 5.32563
0.9 0.34 0 8.79996 -6.13344 5.7501
0.9 0.36 0 9.65408 -5.78065 6.19355
0.9 0.38 0 10.5068 -5.28102 6.60127
0.9 0.4 0 11.2308 -4.68325 7.02487
0.9 0.42 0 12.0184 -3.88433 7.28311
0.9 0.44 0 12.5124 -3.05302 7.63255
0.9 0.46 0 13.0327 -2.06545 7.74545
0.9 0.48 0 13.2102 -1.06289 7.97165
0.9 0.5 0 13.3907 0 7.91037
0.9 0.52 0 13.2102 1.06289 7.97165
0.9 0.54 0 13.0327 2.06545 7.74545
0.9 0.56 0 12.5124 3.05302 7.63255
0.9 0.58 0 12.0184 3.88432 7.28311
0.9 0.6 0 11.2308 4.68324 7.02487
0.9 0.62 0 10.5068 5.28102 6.60127
0.9 0.64 0 9.65408 5.78065 6.19355
0.9 0.66 0 8.79996 6.13344 5.7501
0.9 0.68 0 7.87329 6.39076 5.32563
0.9 0.7 0 6.98664 6.51941 4.88956
0.9 0.72 0 6.22613 6.51161 4.43974
0.9 0.74 0 5.4415 6.44499 4.02812
0.9 0.76 0 4.65396 6.32206 3.64734
0.9 0.78 0 3.99982 6.12214 3.27972
0.9 0.8 0 3.40864 5.88115 2.94057
0.9 0.82 0 2.87859 5.61159 2.63043
0.9 0.84 0 2.40672 5.3239 2.34878
0.9 0.86 0 1.98934 5.0266 2.09442
0.9 0.88 0 1.58438 4.72584 1.86546
0.9 0.9 0 1.26669 4.4268 1.66005
0.9 0.92 0 0.990321 4.13455 1.47663
0.9 0.94 0 0.779671 3.85604 1.31456
0.9 0.96 0 0.570888 3.58592 1.16932
0.9 0.98 0 0.391634 3.32873 1.04023
0.92 0 0 0.378085 -2.95381 0.886142
0.92 0.02 0 0.536341 -3.17252 0.991413
0.92 0.04 0 0.694218 -3.39821 1.10811
0.92 0.06 0 0.902854 -3.63719 1.23995
0.92 0.08 0 1.14244 -3.8839 1.38711
0.92 0.1 0 1.41637 -4.13602 1.55101
0.92 0.12 0 1.72818 -4.39048 1.73308
0.92 0.14 0 2.08136 -4.64323 1.93468
0.92 0.16 0 2.47932 -4.88914 2.15697
0.92 0.18 0 2.92519 -5.1218 2.40085
0.92 0.2 0 3.42156 -5.33339 2.6667
0.92 0.22 0 3.97032 -5.51454 2.95422
0.92 0.24 0 4.57228 -5.65429 3.26209
0.92 0.26 0 5.22688 -5.74007 3.58754
0.92 0.28 0 5.93183 -5.75792 3.92586
0.92 0.3 0 6.60843 -5.72563 4.29422
0.92 0.32 0 7.3937 -5.56805 4.64005
0.92 0.34 0 8.12495 -5.34161 5.00776
0.92 0.36 0 8.86513 -5.0008 5.358
0.92 0.38 0 9.60069 -4.53655 5.67069
0.92 0.4 0 10.2195 -3.99878 5.99817
0.92 0.42 0 10.7951 -3.34042 6.26329
0.92 0.44 0 11.3122 -2.57467 6.43668
0.92 0.46 0 11.6518 -1.76319 6.61197
0.92 0.48 0 11.9033 -0.88943 6.67073
0.92 0.5 0 11.9529 0 6.7339
0.92 0.52 0 11.9033 0.889429 6.67073
0.92 0.54 0 11.6518 1.76319 6.61198
0.92 0.56 0 11.3122 2.57467 6.43668
0.92 0.58 0 10.7951 3.34042 6.26329
0.92 0.6 0 10.2195 3.99878 5.99817
0.92 0.62 0 9.60069 4.53655 5.67069
0.92 0.64 0 8.86513 5.0008 5.358
0.92 0.66 0 8.12495 5.34161 5.00776
0.92 0.68 0 7.3937 5.56805 4.64005
0.92 0.7 0 6.60844 5.72563 4.29422
0.92 0.72 0 5.93183 5.75792 3.92586
0.92 0.74 0 5.22688 5.74007 3.58754
0.92 0.76 0 4.57228 5.65429 3.26209
0.92 0.78 0 3.97032 5.51454 2.95422
0.92 0.8 0 3.42156 5.33339 2.6667
0.92 0.82 0 2.92519 5.1218 2.40085
0.92 0.84 0 2.47932 4.88914 2.15697
0.92 0.86 0 2.08136 4.64323 1.93468
0.92 0.88 0 1.72818 4.39048 1.73308
0.92 0.9 0 1.41637 4.13602 1.55101
0.92 0.92 0 1.14244 3.8839 1.38711
0.92 0.94 0 0.902854 3.63719 1.23995
0.92 0.96 0 0.694218 3.39821 1.10811
0.92 0.98 0 0.536341 3.17252 0.991413
0.94 0 0 0.503547 -2.81906 0.845717
0.94 0.02 0 0.642552 -3.0115 0.941093
0.94 0.04 0 0.82543 -3.21472 1.04828
0.94 0.06 0 1.00776 -3.42277 1.16685
0.94 0.08 0 1.24301 -3.63745 1.29909
0.94 0.1 0 1.50967 -3.85419 1.44532
0.94 0.12 0 1.81061 -4.06988 1.60653
0.94 0.14 0 2.14862 -4.28057 1.78357
0.94 0.16 0 2.48585 -4.48778 1.9799
0.94 0.18 0 2.90209 -4.67523 2.19151
0.94 0.2 0 3.36187 -4.84011 2.42005
0.94 0.22 0 3.86624 -4.97409 2.66469
0.94 0.24 0 4.41532 -5.06762 2.92362
0.94 0.26 0 5.00801 -5.10993 3.19371
0.94 0.28 0 5.57821 -5.11723 3.48902
0.94 0.3 0 6.24447 -5.02644 3.76983
0.94 0.32 0 6.86945 -4.88631 4.07193
0.94 0.34 0 7.50874 -4.65779 4.36667
0.94 0.36 0 8.15269 -4.33131 4.64069
0.94 0.38 0 8.79007 -3.90092 4.87615
0.94 0.4 0 9.32175 -3.41696 5.12544
0.94 0.42 0 9.8154 -2.8358 5.31713
0.94 0.44 0 10.1675 -2.21185 5.52961
0.94 0.46 0 10.4547 -1.51036 5.66384
0.94 0.48 0 10.6688 -0.759885 5.69914
0.94 0.5 0 10.7097 0 5.75167
0.94 0.52 0 10.6688 0.759884 5.69914
0.94 0.54 0 10.4547 1.51036 5.66384
0.94 0.56 0 10.1675 2.21185 5.52961
0.94 0.58 0 9.8154 2.8358 5.31713
0.94 0.6 0 9.32175 3.41696 5.12544
0.94 0.62 0 8.79007 3.90092 4.87615
0.94 0.64 0 8.15269 4.33131 4.64069
0.94 0.66 0 7.50874 4.65778 4.36667
0.94 0.68 0 6.86945 4.88631 4.07193
0.94 0.7 0 6.24447 5.02644 3.76983
0.94 0.72 0 5.57821 5.11723 3.48902
0.94 0.74 0 5.00801 5.10993 3.19371
0.94 0.76 0 4.41532 5.06762 2.92362
0.94 0.78 0 3.86624 4.97409 2.66469
0.94 0.8 0 3.36187 4.84011 2.42005
0.94 0.82 0 2.90209 4.67523 2.19151
0.94 0.84 0 2.48585 4.48778 1.9799
0.94 0.86 0 2.14862 4.28057 1.78357
0.94 0.88 0 1.81061 4.06988 1.60653
0.94 0.9 0 1.50967 3.85419 1.44532
0.94 0.92 0 1.24301 3.63745 1.29909
0.94 0.94 0 1.00776 3.42277 1.16685
0.94 0.96 0 0.82543 3.21473 1.04828
0.94 0.98 0 0.642552 3.0115 0.941093
0.96 0 0 0.595663 -2.68018 0.804055
0.96 0.02 0 0.735156 -2.85211 0.891283
0.96 0.04 0 0.916351 -3.0314 0.988499
0.96 0.06 0 1.09618 -3.21403 1.09569
0.96 0.08 0 1.32568 -3.39951 1.21411
0.96 0.1 0 1.58377 -3.58431 1.34412
0.96 0.12 0 1.84027 -3.76905 1.48778
0.96 0.14 0 2.15965 -3.94436 1.64348
0.96 0.16 0 2.51391 -4.10779 1.81226
0.96 0.18 0 2.90468 -4.25391 1.99402
0.96 0.2 0 3.33308 -4.37628 2.18814
0.96 0.22 0 3.75191 -4.48372 2.40199
0.96 0.24 0 4.25258 -4.53919 2.61876
0.96 0.26 0 4.73477 -4.57017 2.85635
0.96 0.28 0 5.30141 -4.52376 3.08438
0.96 0.3 0 5.83562 -4.44213 3.3316
0.96 0.32 0 6.38654 -4.29221 3.57685
0.96 0.34 0 6.94731 -4.06529 3.81121
0.96 0.36 0 7.50975 -3.75434 4.02251
0.96 0.38 0 7.9896 -3.40301 4.25376
0.96 0.4 0 8.44613 -2.96741 4.45111
0.96 0.42 0 8.86953 -2.45115 4.59591
0.96 0.44 0 9.16863 -1.90584 4.76459
0.96 0.46 0 9.41317 -1.29753 4.86572
0.96 0.48 0 9.59666 -0.650998 4.88248
0.96 0.5 0 9.63062 0 4.92624
0.96 0.52 0 9.59666 0.650997 4.88248
0.96 0.54 0 9.41317 1.29752 4.86572
0.96 0.56 0 9.16863 1.90584 4.76459
0.96 0.58 0 8.86953 2.45115 4.59591
0.96 0.6 0 8.44613 2.9674 4.45111
0.96 0.62 0 7.9896 3.40301 4.25376
0.96 0.64 0 7.50975 3.75434 4.02251
0.96 0.66 0 6.94731 4.06529 3.81121
0.96 0.68 0 6.38654 4.29221 3.57685
0.96 0.7 0 5.83562 4.44213 3.3316
0.96 0.72 0 5.30141 4.52376 3.08439
0.96 0.74 0 4.73477 4.57017 2.85635
0.96 0.76 0 4.25258 4.53919 2.61876
0.96 0.78 0 3.75191 4.48372 2.40199
0.96 0.8 0 3.33308 4.37628 2.18814
0.96 0.82 0 2.90468 4.25391 1.99402
0.96 0.84 0 2.51391 4.10779 1.81226
0.96 0.86 0 2.15965 3.94436 1.64348
0.96 0.88 0 1.84027 3.76905 1.48778
0.96 0.9 0 1.58377 3.58431 1.34412
0.96 0.92 0 1.32568 3.39951 1.21411
0.96 0.94 0 1.09618 3.21403 1.09569
0.96 0.96 0 0.916351 3.0314 0.988499
0.96 0.98 0 0.735156 2.85211 0.891284
0.98 0 0 0.67644 -2.54258 0.762775
0.98 0.02 0 0.815271 -2.69539 0.842309
0.98 0.04 0 0.993622 -2.85258 0.930188
0.98 0.06 0 1.1698 -3.01192 1.02679
0.98 0.08 0 1.3925 -3.1709 1.13246
0.98 0.1 0 1.61262 -3.33019 1.24882
0.98 0.12 0 1.88672 -3.48192 1.37444
0.98 0.14 0 2.19012 -3.62438 1.51016
0.98 0.16 0 2.48849 -3.76197 1.65969
0.98 0.18 0 2.85176 -3.87481 1.81632
0.98 0.2 0 3.2061 -3.97742 1.98871
0.98 0.22 0 3.63113 -4.03896 2.16373
0.98 0.24 0 4.0405 -4.08335 2.35578
0.98 0.26 0 4.5239 -4.06618 2.54136
0.98 0.28 0 4.98117 -4.02389 2.74356
0.98 0.3 0 5.45574 -3.92868 2.94651
0.98 0.32 0 5.94276 -3.77305 3.14421
0.98 0.34 0 6.43632 -3.55023 3.32834
0.98 0.36 0 6.86449 -3.29841 3.53401
0.98 0.38 0 7.34691 -2.93173 3.66466
0.98 0.4 0 7.74314 -2.5389 3.80835
0.98 0.42 0 8.03869 -2.12416 3.9828
0.98 0.44 0 8.29431 -1.64625 4.11563
0.98 0.46 0 8.50379 -1.11729 4.18985
0.98 0.48 0 8.662 -0.558917 4.19187
0.98 0.5 0 8.69038 0 4.22833
0.98 0.52 0 8.662 0.558916 4.19187
0.98 0.54 0 8.50379 1.11729 4.18985
0.98 0.56 0 8.29431 1.64625 4.11563
0.98 0.58 0 8.03869 2.12416 3.9828
0.98 0.6 0 7.74314 2.5389 3.80835
0.98 0.62 0 7.34691 2.93173 3.66466
0.98 0.64 0 6.86449 3.29841 3.53401
0.98 0.66 0 6.43632 3.55023 3.32834
0.98 0.68 0 5.94276 3.77305 3.14421
0.98 0.7 0 5.45574 3.92868 2.94651
0.98 0.72 0 4.98117 4.02389 2.74356
0.98 0.74 0 4.5239 4.06618 2.54136
0.98 0.76 0 4.0405 4.08335 2.35578
0.98 0.78 0 3.63113 4.03896 2.16373
0.98 0.8 0 3.20611 3.97742 1.98871
0.98 0.82 0 2.85176 3.87481 1.81632
0.98 0.84 0 2.48849 3.76197 1.65969
0.98 0.86 0 2.19012 3.62438 1.51016
0.98 0.88 0 1.88672 3.48192 1.37444
0.98 0.9 0 1.61262 3.33019 1.24882
0.98 0.92 0 1.3925 3.1709 1.13246
0.98 0.94 0 1.1698 3.01192 1.02679
0.98 0.96 0 0.993622 2.85258 0.930189
0.98 0.98 0 0.815271 2.69539 0.84231